 0
 0
 -1.002882e+04
 -1.002882e+04
 -1.002882e+04
 -1.002882e+04
 -1.002882e+04
 -1.002882e+04
 -1.002882e+04
 -1.002882e+04
 -1.002882e+04
 -1.002882e+04
 -1.002882e+04
 -1.002882e+04
 -1.002882e+04
 -1.002882e+04
 -1.002882e+04
 -1.002882e+04
 -1.002882e+04
 -1.002882e+04
 -1.002882e+04
 -1.002882e+04
 -1.002882e+04
 -1.002882e+04
 -1.002882e+04
 -1.002882e+04
 -1.002882e+04
 -1.002882e+04
 -1.002882e+04
 -1.002882e+04
 -1.002882e+04
 -1.002882e+04
 -1.002882e+04
 -1.002882e+04
 -1.002882e+04
 -1.002882e+04
 -1.002882e+04
 -1.002882e+04
 -1.002882e+04
 -1.002882e+04
 -1.002882e+04
 -1.002882e+04
 -1.002882e+04
 -1.002882e+04
 -1.002882e+04
 -1.002882e+04
 -1.002882e+04
 -1.002882e+04
 -1.002882e+04
 -1.002882e+04
 -1.002882e+04
 -1.002882e+04
 -1.002882e+04
 -1.002882e+04
 -1.002882e+04
 -1.002882e+04
 -1.002882e+04
 -1.002882e+04
 -1.002882e+04
 -1.002882e+04
 -1.002882e+04
 -1.002882e+04
 -1.002882e+04
 -1.002882e+04
 -1.002882e+04
 -1.002882e+04
 -1.002882e+04
 -1.002882e+04
 -1.002882e+04
 -1.002882e+04
 -1.002882e+04
 -1.002882e+04
 -1.002882e+04
 -1.002882e+04
 -1.002882e+04
 -1.002882e+04
 -1.002882e+04
 -1.002882e+04
 -1.002882e+04
 -1.002882e+04
 -1.002882e+04
 -1.002882e+04
 -1.002882e+04
 -1.002882e+04
 -1.002882e+04
 -1.002882e+04
 -1.002882e+04
 -1.002882e+04
 -1.002882e+04
 -1.002882e+04
 -1.002882e+04
 -1.002882e+04
 -1.002882e+04
 -1.002882e+04
 -1.002882e+04
 -1.002882e+04
 -1.002882e+04
 -1.002882e+04
 -1.002882e+04
 -1.002882e+04
 -1.002882e+04
 -1.002882e+04
 -1.002882e+04
 5.270690e+02
 5.270690e+02
 5.270690e+02
 5.270690e+02
 5.270690e+02
 5.270690e+02
 5.270690e+02
 4.996772e+02
 4.996772e+02
 4.996772e+02
 4.996772e+02
 4.996772e+02
 4.996772e+02
 4.996772e+02
 4.737094e+02
 4.737094e+02
 4.737094e+02
 4.737094e+02
 4.737094e+02
 4.737094e+02
 4.737094e+02
 4.490917e+02
 4.490917e+02
 4.490917e+02
 4.490917e+02
 4.490917e+02
 4.490917e+02
 4.490917e+02
 4.257540e+02
 4.257540e+02
 4.257540e+02
 4.257540e+02
 4.257540e+02
 4.257540e+02
 4.257540e+02
 4.036298e+02
 4.036298e+02
 4.036298e+02
 4.036298e+02
 4.036298e+02
 4.036298e+02
 4.036298e+02
 3.826559e+02
 3.826559e+02
 3.826559e+02
 3.826559e+02
 3.826559e+02
 3.826559e+02
 3.826559e+02
 3.627727e+02
 3.627727e+02
 3.627727e+02
 3.627727e+02
 3.627727e+02
 3.627727e+02
 3.627727e+02
 3.439233e+02
 3.439233e+02
 3.439233e+02
 3.439233e+02
 3.439233e+02
 3.439233e+02
 3.439233e+02
 3.439233e+02
 3.439233e+02
 3.439233e+02
 3.439233e+02
 3.439233e+02
 3.439233e+02
 3.439233e+02
 3.439233e+02
 3.439233e+02
 3.439233e+02
 3.439233e+02
 3.439233e+02
 3.439233e+02
 3.439233e+02
 3.260541e+02
 3.260541e+02
 3.260541e+02
 3.260541e+02
 3.260541e+02
 3.260541e+02
 3.260541e+02
 3.260541e+02
 3.260541e+02
 3.260541e+02
 3.260541e+02
 3.260541e+02
 3.260541e+02
 3.260541e+02
 3.260541e+02
 3.260541e+02
 3.260541e+02
 3.260541e+02
 3.260541e+02
 3.260541e+02
 3.260541e+02
 3.260541e+02
 3.260541e+02
 3.260541e+02
 3.260541e+02
 3.260541e+02
 3.260541e+02
 3.260541e+02
 3.260541e+02
 3.260541e+02
 3.260541e+02
 3.260541e+02
 3.260541e+02
 3.260541e+02
 3.260541e+02
 3.260541e+02
 3.260541e+02
 3.260541e+02
 3.260541e+02
 3.260541e+02
 3.260541e+02
 3.260541e+02
 3.260541e+02
 3.260541e+02
 3.260541e+02
 3.260541e+02
 3.260541e+02
 3.260541e+02
 3.260541e+02
 3.260541e+02
 3.260541e+02
 3.260541e+02
 3.260541e+02
 3.260541e+02
 3.260541e+02
 3.260541e+02
 3.260541e+02
 3.260541e+02
 3.260541e+02
 3.260541e+02
 3.260541e+02
 3.260541e+02
 3.260541e+02
 3.260541e+02
 3.260541e+02
 3.260541e+02
 3.260541e+02
 3.260541e+02
 3.260541e+02
 3.260541e+02
 3.260541e+02
 3.260541e+02
 3.260541e+02
 3.260541e+02
 3.260541e+02
 3.260541e+02
 3.260541e+02
 3.260541e+02
 3.260541e+02
 3.260541e+02
 3.260541e+02
 3.260541e+02
 3.260541e+02
 3.091140e+02
 3.091140e+02
 3.091140e+02
 3.091140e+02
 3.091140e+02
 3.091140e+02
 3.091140e+02
 2.930548e+02
 2.930548e+02
 2.930548e+02
 2.930548e+02
 2.930548e+02
 2.930548e+02
 2.930548e+02
 2.778306e+02
 2.778306e+02
 2.778306e+02
 2.778306e+02
 2.778306e+02
 2.778306e+02
 2.778306e+02
 2.633981e+02
 2.633981e+02
 2.633981e+02
 2.633981e+02
 2.633981e+02
 2.633981e+02
 2.633981e+02
 2.497160e+02
 2.497160e+02
 2.497160e+02
 2.497160e+02
 2.497160e+02
 2.497160e+02
 2.497160e+02
 2.367453e+02
 2.367453e+02
 2.367453e+02
 2.367453e+02
 2.367453e+02
 2.367453e+02
 2.367453e+02
 2.244490e+02
 2.244490e+02
 2.244490e+02
 2.244490e+02
 2.244490e+02
 2.244490e+02
 2.244490e+02
 2.127921e+02
 2.127921e+02
 2.127921e+02
 2.127921e+02
 2.127921e+02
 2.127921e+02
 2.127921e+02
 2.017413e+02
 2.017413e+02
 2.017413e+02
 2.017413e+02
 2.017413e+02
 2.017413e+02
 2.017413e+02
 1.912651e+02
 1.912651e+02
 1.912651e+02
 1.912651e+02
 1.912651e+02
 1.912651e+02
 1.912651e+02
 1.813336e+02
 1.813336e+02
 1.813336e+02
 1.813336e+02
 1.813336e+02
 1.813336e+02
 1.813336e+02
 1.719184e+02
 1.719184e+02
 1.719184e+02
 1.719184e+02
 1.719184e+02
 1.719184e+02
 1.719184e+02
 1.629928e+02
 1.629928e+02
 1.629928e+02
 1.629928e+02
 1.629928e+02
 1.629928e+02
 1.629928e+02
 1.545312e+02
 1.545312e+02
 1.545312e+02
 1.545312e+02
 1.545312e+02
 1.545312e+02
 1.545312e+02
 1.465096e+02
 1.465096e+02
 1.465096e+02
 1.465096e+02
 1.465096e+02
 1.465096e+02
 1.465096e+02
 1.389050e+02
 1.389050e+02
 1.389050e+02
 1.389050e+02
 1.389050e+02
 1.389050e+02
 1.389050e+02
 1.316958e+02
 1.316958e+02
 1.316958e+02
 1.316958e+02
 1.316958e+02
 1.316958e+02
 1.316958e+02
 1.248614e+02
 1.248614e+02
 1.248614e+02
 1.248614e+02
 1.248614e+02
 1.248614e+02
 1.248614e+02
 1.183823e+02
 1.183823e+02
 1.183823e+02
 1.183823e+02
 1.183823e+02
 1.183823e+02
 1.183823e+02
 1.183823e+02
 1.183823e+02
 1.183823e+02
 1.183823e+02
 1.183823e+02
 1.183823e+02
 1.183823e+02
 1.183823e+02
 1.183823e+02
 1.183823e+02
 1.122400e+02
 1.122400e+02
 1.122400e+02
 1.122400e+02
 1.122400e+02
 1.122400e+02
 1.122400e+02
 1.122400e+02
 1.122400e+02
 1.122400e+02
 1.122400e+02
 1.122400e+02
 1.122400e+02
 1.122400e+02
 1.122400e+02
 1.122400e+02
 1.122400e+02
 1.122400e+02
 1.122400e+02
 1.122400e+02
 1.122400e+02
 1.122400e+02
 1.122400e+02
 1.122400e+02
 1.122400e+02
 1.122400e+02
 1.122400e+02
 1.122400e+02
 1.122400e+02
 1.122400e+02
 1.122400e+02
 1.122400e+02
 1.122400e+02
 1.122400e+02
 1.122400e+02
 1.122400e+02
 1.122400e+02
 1.122400e+02
 1.122400e+02
 1.122400e+02
 1.122400e+02
 1.122400e+02
 1.122400e+02
 1.122400e+02
 1.122400e+02
 1.122400e+02
 1.122400e+02
 1.122400e+02
 1.122400e+02
 1.122400e+02
 1.122400e+02
 1.122400e+02
 1.122400e+02
 1.122400e+02
 1.122400e+02
 1.122400e+02
 1.122400e+02
 1.122400e+02
 1.122400e+02
 1.064170e+02
 1.064170e+02
 1.064170e+02
 1.064170e+02
 1.064170e+02
 1.064170e+02
 1.064170e+02
 1.064170e+02
 1.064170e+02
 1.064170e+02
 1.064170e+02
 1.064170e+02
 1.064170e+02
 1.064170e+02
 1.008967e+02
 1.008967e+02
 1.008967e+02
 1.008967e+02
 1.008967e+02
 1.008967e+02
 1.008967e+02
 9.566342e+01
 9.566342e+01
 9.566342e+01
 9.566342e+01
 9.566342e+01
 9.566342e+01
 9.566342e+01
 9.070214e+01
 9.070214e+01
 9.070214e+01
 9.070214e+01
 9.070214e+01
 9.070214e+01
 9.070214e+01
 8.599875e+01
 8.599875e+01
 8.599875e+01
 8.599875e+01
 8.599875e+01
 8.599875e+01
 8.599875e+01
 8.153983e+01
 8.153983e+01
 8.153983e+01
 8.153983e+01
 8.153983e+01
 8.153983e+01
 8.153983e+01
 7.731268e+01
 7.731268e+01
 7.731268e+01
 7.731268e+01
 7.731268e+01
 7.731268e+01
 7.731268e+01
 7.330524e+01
 7.330524e+01
 7.330524e+01
 7.330524e+01
 7.330524e+01
 7.330524e+01
 7.330524e+01
 6.950607e+01
 6.950607e+01
 6.950607e+01
 6.950607e+01
 6.950607e+01
 6.950607e+01
 6.950607e+01
 6.590435e+01
 6.590435e+01
 6.590435e+01
 6.590435e+01
 6.590435e+01
 6.590435e+01
 6.590435e+01
 6.248982e+01
 6.248982e+01
 6.248982e+01
 6.248982e+01
 6.248982e+01
 6.248982e+01
 6.248982e+01
 5.925272e+01
 5.925272e+01
 5.925272e+01
 5.925272e+01
 5.925272e+01
 5.925272e+01
 5.925272e+01
 5.618664e+01
 5.618664e+01
 5.618664e+01
 5.618664e+01
 5.618664e+01
 5.618664e+01
 5.618664e+01
 5.328801e+01
 5.328801e+01
 5.328801e+01
 5.328801e+01
 5.328801e+01
 5.328801e+01
 5.328801e+01
 5.055055e+01
 5.055055e+01
 5.055055e+01
 5.055055e+01
 5.055055e+01
 5.055055e+01
 5.055055e+01
 4.796555e+01
 4.796555e+01
 4.796555e+01
 4.796555e+01
 4.796555e+01
 4.796555e+01
 4.796555e+01
 4.552480e+01
 4.552480e+01
 4.552480e+01
 4.552480e+01
 4.552480e+01
 4.552480e+01
 4.552480e+01
 4.322050e+01
 4.322050e+01
 4.322050e+01
 4.322050e+01
 4.322050e+01
 4.322050e+01
 4.322050e+01
 4.104527e+01
 4.104527e+01
 4.104527e+01
 4.104527e+01
 4.104527e+01
 4.104527e+01
 4.104527e+01
 4.104527e+01
 4.104527e+01
 4.104527e+01
 4.104527e+01
 4.104527e+01
 4.104527e+01
 4.104527e+01
 4.104527e+01
 4.104527e+01
 4.104527e+01
 3.899212e+01
 3.899212e+01
 3.899212e+01
 3.899212e+01
 3.899212e+01
 3.899212e+01
 3.899212e+01
 3.899212e+01
 3.899212e+01
 3.899212e+01
 3.899212e+01
 3.899212e+01
 3.899212e+01
 3.899212e+01
 3.899212e+01
 3.899212e+01
 3.899212e+01
 3.899212e+01
 3.899212e+01
 3.899212e+01
 3.899212e+01
 3.899212e+01
 3.899212e+01
 3.899212e+01
 3.899212e+01
 3.899212e+01
 3.899212e+01
 3.899212e+01
 3.899212e+01
 3.899212e+01
 3.899212e+01
 3.899212e+01
 3.899212e+01
 3.899212e+01
 3.899212e+01
 3.899212e+01
 3.899212e+01
 3.899212e+01
 3.899212e+01
 3.899212e+01
 3.899212e+01
 3.899212e+01
 3.899212e+01
 3.899212e+01
 3.899212e+01
 3.899212e+01
 3.899212e+01
 3.899212e+01
 3.899212e+01
 3.899212e+01
 3.899212e+01
 3.899212e+01
 3.705444e+01
 3.705444e+01
 3.705444e+01
 3.705444e+01
 3.705444e+01
 3.705444e+01
 3.705444e+01
 3.522597e+01
 3.522597e+01
 3.522597e+01
 3.522597e+01
 3.522597e+01
 3.522597e+01
 3.522597e+01
 3.350078e+01
 3.350078e+01
 3.350078e+01
 3.350078e+01
 3.350078e+01
 3.350078e+01
 3.350078e+01
 3.187327e+01
 3.187327e+01
 3.187327e+01
 3.187327e+01
 3.187327e+01
 3.187327e+01
 3.187327e+01
 3.033813e+01
 3.033813e+01
 3.033813e+01
 3.033813e+01
 3.033813e+01
 3.033813e+01
 3.033813e+01
 2.889036e+01
 2.889036e+01
 2.889036e+01
 2.889036e+01
 2.889036e+01
 2.889036e+01
 2.889036e+01
 2.752520e+01
 2.752520e+01
 2.752520e+01
 2.752520e+01
 2.752520e+01
 2.752520e+01
 2.752520e+01
 2.623817e+01
 2.623817e+01
 2.623817e+01
 2.623817e+01
 2.623817e+01
 2.623817e+01
 2.623817e+01
 2.502504e+01
 2.502504e+01
 2.502504e+01
 2.502504e+01
 2.502504e+01
 2.502504e+01
 2.502504e+01
 2.388178e+01
 2.388178e+01
 2.388178e+01
 2.388178e+01
 2.388178e+01
 2.388178e+01
 2.388178e+01
 2.280463e+01
 2.280463e+01
 2.280463e+01
 2.280463e+01
 2.280463e+01
 2.280463e+01
 2.280463e+01
 2.178999e+01
 2.178999e+01
 2.178999e+01
 2.178999e+01
 2.178999e+01
 2.178999e+01
 2.178999e+01
 2.083450e+01
 2.083450e+01
 2.083450e+01
 2.083450e+01
 2.083450e+01
 2.083450e+01
 2.083450e+01
 1.993496e+01
 1.993496e+01
 1.993496e+01
 1.993496e+01
 1.993496e+01
 1.993496e+01
 1.993496e+01
 1.908836e+01
 1.908836e+01
 1.908836e+01
 1.908836e+01
 1.908836e+01
 1.908836e+01
 1.908836e+01
 1.829187e+01
 1.829187e+01
 1.829187e+01
 1.829187e+01
 1.829187e+01
 1.829187e+01
 1.829187e+01
 1.754281e+01
 1.754281e+01
 1.754281e+01
 1.754281e+01
 1.754281e+01
 1.754281e+01
 1.754281e+01
 1.683864e+01
 1.683864e+01
 1.683864e+01
 1.683864e+01
 1.683864e+01
 1.683864e+01
 1.683864e+01
 1.617699e+01
 1.617699e+01
 1.617699e+01
 1.617699e+01
 1.617699e+01
 1.617699e+01
 1.617699e+01
 1.617699e+01
 1.617699e+01
 1.617699e+01
 1.617699e+01
 1.617699e+01
 1.617699e+01
 1.617699e+01
 1.617699e+01
 1.617699e+01
 1.617699e+01
 1.555561e+01
 1.555561e+01
 1.555561e+01
 1.555561e+01
 1.555561e+01
 1.555561e+01
 1.555561e+01
 1.555561e+01
 1.555561e+01
 1.555561e+01
 1.555561e+01
 1.555561e+01
 1.555561e+01
 1.555561e+01
 1.555561e+01
 1.555561e+01
 1.555561e+01
 1.555561e+01
 1.555561e+01
 1.555561e+01
 1.555561e+01
 1.555561e+01
 1.555561e+01
 1.555561e+01
 1.555561e+01
 1.555561e+01
 1.555561e+01
 1.555561e+01
 1.555561e+01
 1.555561e+01
 1.555561e+01
 1.555561e+01
 1.555561e+01
 1.555561e+01
 1.555561e+01
 1.555561e+01
 1.555561e+01
 1.555561e+01
 1.555561e+01
 1.555561e+01
 1.555561e+01
 1.555561e+01
 1.555561e+01
 1.555561e+01
 1.555561e+01
 1.497240e+01
 1.497240e+01
 1.497240e+01
 1.497240e+01
 1.497240e+01
 1.497240e+01
 1.497240e+01
 1.442537e+01
 1.442537e+01
 1.442537e+01
 1.442537e+01
 1.442537e+01
 1.442537e+01
 1.442537e+01
 1.391264e+01
 1.391264e+01
 1.391264e+01
 1.391264e+01
 1.391264e+01
 1.391264e+01
 1.391264e+01
 1.343246e+01
 1.343246e+01
 1.343246e+01
 1.343246e+01
 1.343246e+01
 1.343246e+01
 1.343246e+01
 1.298317e+01
 1.298317e+01
 1.298317e+01
 1.298317e+01
 1.298317e+01
 1.298317e+01
 1.298317e+01
 1.256323e+01
 1.256323e+01
 1.256323e+01
 1.256323e+01
 1.256323e+01
 1.256323e+01
 1.256323e+01
 1.217117e+01
 1.217117e+01
 1.217117e+01
 1.217117e+01
 1.217117e+01
 1.217117e+01
 1.217117e+01
 1.180563e+01
 1.180563e+01
 1.180563e+01
 1.180563e+01
 1.180563e+01
 1.180563e+01
 1.180563e+01
 1.146534e+01
 1.146534e+01
 1.146534e+01
 1.146534e+01
 1.146534e+01
 1.146534e+01
 1.146534e+01
 1.114908e+01
 1.114908e+01
 1.114908e+01
 1.114908e+01
 1.114908e+01
 1.114908e+01
 1.114908e+01
 1.085574e+01
 1.085574e+01
 1.085574e+01
 1.085574e+01
 1.085574e+01
 1.085574e+01
 1.085574e+01
 1.058428e+01
 1.058428e+01
 1.058428e+01
 1.058428e+01
 1.058428e+01
 1.058428e+01
 1.058428e+01
 1.033371e+01
 1.033371e+01
 1.033371e+01
 1.033371e+01
 1.033371e+01
 1.033371e+01
 1.033371e+01
 1.010312e+01
 1.010312e+01
 1.010312e+01
 1.010312e+01
 1.010312e+01
 1.010312e+01
 1.010312e+01
 9.891657e+00
 9.891657e+00
 9.891657e+00
 9.891657e+00
 9.891657e+00
 9.891657e+00
 9.891657e+00
 9.698537e+00
 9.698537e+00
 9.698537e+00
 9.698537e+00
 9.698537e+00
 9.698537e+00
 9.698537e+00
 9.523022e+00
 9.523022e+00
 9.523022e+00
 9.523022e+00
 9.523022e+00
 9.523022e+00
 9.523022e+00
 9.364431e+00
 9.364431e+00
 9.364431e+00
 9.364431e+00
 9.364431e+00
 9.364431e+00
 9.364431e+00
 9.222134e+00
 9.222134e+00
 9.222134e+00
 9.222134e+00
 9.222134e+00
 9.222134e+00
 9.222134e+00
 9.222134e+00
 9.222134e+00
 9.222134e+00
 9.222134e+00
 9.222134e+00
 9.222134e+00
 9.222134e+00
 9.222134e+00
 9.222134e+00
 9.222134e+00
 9.095548e+00
 9.095548e+00
 9.095548e+00
 9.095548e+00
 9.095548e+00
 9.095548e+00
 9.095548e+00
 9.095548e+00
 9.095548e+00
 9.095548e+00
 9.095548e+00
 9.095548e+00
 9.095548e+00
 9.095548e+00
 9.095548e+00
 9.095548e+00
 9.095548e+00
 9.095548e+00
 9.095548e+00
 9.095548e+00
 9.095548e+00
 9.095548e+00
 9.095548e+00
 9.095548e+00
 9.095548e+00
 9.095548e+00
 9.095548e+00
 9.095548e+00
 9.095548e+00
 9.095548e+00
 9.095548e+00
 9.095548e+00
 9.095548e+00
 9.095548e+00
