 0
 0
 1.293286e-14
 1.939928e-14
 5.173142e-14
 5.747936e-14
 6.466428e-14
 6.466428e-14
 3.233214e-14
 3.155444e-30
 0
 3.155444e-30
 1.293286e-14
 1.939928e-14
 5.173142e-14
 5.747936e-14
 6.466428e-14
 6.466428e-14
 6.466428e-14
 1.293286e-13
 1.616607e-13
 3.233214e-13
 3.520611e-13
 3.879857e-13
 3.879857e-13
 3.879857e-13
 7.113071e-13
 8.729678e-13
 1.681271e-12
 1.824970e-12
 2.004593e-12
 2.004593e-12
 2.004593e-12
 3.621200e-12
 4.429503e-12
 8.471021e-12
 9.189513e-12
 1.008763e-11
 1.008763e-11
 1.008763e-11
 1.817066e-11
 2.221218e-11
 4.241977e-11
 4.601223e-11
 5.050280e-11
 5.050280e-11
 5.050280e-11
 9.091798e-11
 1.111256e-10
 2.121635e-10
 2.301258e-10
 2.525787e-10
 2.525787e-10
 2.525787e-10
 4.546546e-10
 5.556925e-10
 1.060882e-09
 1.150694e-09
 1.262958e-09
 1.262958e-09
 1.262958e-09
 2.273337e-09
 2.778527e-09
 5.304476e-09
 5.753533e-09
 6.314855e-09
 6.314855e-09
 6.314855e-09
 1.136675e-08
 1.389270e-08
 2.652244e-08
 2.876773e-08
 3.157434e-08
 3.157434e-08
 3.157434e-08
 5.683382e-08
 6.946357e-08
 1.326123e-07
 1.438387e-07
 1.578718e-07
 1.578718e-07
 1.578718e-07
 2.841692e-07
 3.473179e-07
 6.630615e-07
 7.191936e-07
 7.893589e-07
 7.893589e-07
 7.893589e-07
 1.420846e-06
 1.736590e-06
 3.315307e-06
 3.595968e-06
 3.946794e-06
 3.946794e-06
 3.946794e-06
 4.157436e-06
 4.262756e-06
 4.789359e-06
 4.882977e-06
 5.000000e-06
 5.000000e-06
 5.000000e-06
 6.000000e-06
 6.500000e-06
 9.000000e-06
 9.444444e-06
 1.000000e-05
 1.000000e-05
 1.000000e-05
 1.100000e-05
 1.150000e-05
 1.400000e-05
 1.444444e-05
 1.500000e-05
 1.500000e-05
 1.500000e-05
 1.600000e-05
 1.650000e-05
 1.900000e-05
 1.944444e-05
 2.000000e-05
 2.000000e-05
 2.000000e-05
 2.100000e-05
 2.150000e-05
 2.400000e-05
 2.444444e-05
 2.500000e-05
 2.500000e-05
 2.500000e-05
 2.600000e-05
 2.650000e-05
 2.900000e-05
 2.944444e-05
 3.000000e-05
 3.000000e-05
 3.000000e-05
 3.100000e-05
 3.150000e-05
 3.400000e-05
 3.444444e-05
 3.500000e-05
 3.500000e-05
 3.500000e-05
 3.600000e-05
 3.650000e-05
 3.900000e-05
 3.944444e-05
 4.000000e-05
 4.000000e-05
 4.000000e-05
 4.100000e-05
 4.150000e-05
 4.400000e-05
 4.444444e-05
 4.500000e-05
 4.500000e-05
 4.500000e-05
 4.600000e-05
 4.650000e-05
 4.900000e-05
 4.944444e-05
 5.000000e-05
 5.000000e-05
 4.750000e-05
 5.000000e-05
 5.000000e-05
 5.000000e-05
 5.100000e-05
 5.150000e-05
 5.400000e-05
 5.444444e-05
 5.500000e-05
 5.500000e-05
 5.250000e-05
 5.000000e-05
 5.000000e-05
 5.000000e-05
 5.100000e-05
 5.150000e-05
 5.400000e-05
 5.444444e-05
 5.500000e-05
 5.500000e-05
 5.500000e-05
 5.600000e-05
 5.650000e-05
 5.900000e-05
 5.944444e-05
 6.000000e-05
 6.000000e-05
 6.000000e-05
 6.100000e-05
 6.150000e-05
 6.400000e-05
 6.444444e-05
 6.500000e-05
 6.500000e-05
 6.500000e-05
 6.600000e-05
 6.650000e-05
 6.900000e-05
 6.944444e-05
 7.000000e-05
 7.000000e-05
 7.000000e-05
 7.100000e-05
 7.150000e-05
 7.400000e-05
 7.444444e-05
 7.500000e-05
 7.500000e-05
 7.500000e-05
 7.600000e-05
 7.650000e-05
 7.900000e-05
 7.944444e-05
 8.000000e-05
 8.000000e-05
 8.000000e-05
 8.100000e-05
 8.150000e-05
 8.400000e-05
 8.444444e-05
 8.500000e-05
 8.500000e-05
 8.500000e-05
 8.600000e-05
 8.650000e-05
 8.900000e-05
 8.944444e-05
 9.000000e-05
 9.000000e-05
 9.000000e-05
 9.100000e-05
 9.150000e-05
 9.400000e-05
 9.444444e-05
 9.500000e-05
 9.500000e-05
 9.500000e-05
 9.600000e-05
 9.650000e-05
 9.900000e-05
 9.944444e-05
 1.000000e-04
 1.000000e-04
 1.000000e-04
 1.010000e-04
 1.015000e-04
 1.040000e-04
 1.044444e-04
 1.050000e-04
 1.050000e-04
 1.050000e-04
 1.060000e-04
 1.065000e-04
 1.090000e-04
 1.094444e-04
 1.100000e-04
 1.100000e-04
 1.100000e-04
 1.110000e-04
 1.115000e-04
 1.140000e-04
 1.144444e-04
 1.150000e-04
 1.150000e-04
 1.150000e-04
 1.160000e-04
 1.165000e-04
 1.190000e-04
 1.194444e-04
 1.200000e-04
 1.200000e-04
 1.200000e-04
 1.210000e-04
 1.215000e-04
 1.240000e-04
 1.244444e-04
 1.250000e-04
 1.250000e-04
 1.250000e-04
 1.260000e-04
 1.265000e-04
 1.290000e-04
 1.294444e-04
 1.300000e-04
 1.300000e-04
 1.300000e-04
 1.310000e-04
 1.315000e-04
 1.340000e-04
 1.344444e-04
 1.350000e-04
 1.350000e-04
 1.350000e-04
 1.360000e-04
 1.365000e-04
 1.390000e-04
 1.394444e-04
 1.400000e-04
 1.400000e-04
 1.400000e-04
 1.410000e-04
 1.415000e-04
 1.440000e-04
 1.444444e-04
 1.450000e-04
 1.450000e-04
 1.450000e-04
 1.460000e-04
 1.465000e-04
 1.490000e-04
 1.494444e-04
 1.500000e-04
 1.500000e-04
 1.500000e-04
 1.510000e-04
 1.515000e-04
 1.540000e-04
 1.544444e-04
 1.550000e-04
 1.550000e-04
 1.550000e-04
 1.560000e-04
 1.565000e-04
 1.590000e-04
 1.594444e-04
 1.600000e-04
 1.600000e-04
 1.600000e-04
 1.610000e-04
 1.615000e-04
 1.640000e-04
 1.644444e-04
 1.650000e-04
 1.650000e-04
 1.650000e-04
 1.660000e-04
 1.665000e-04
 1.690000e-04
 1.694444e-04
 1.700000e-04
 1.700000e-04
 1.700000e-04
 1.710000e-04
 1.715000e-04
 1.740000e-04
 1.744444e-04
 1.750000e-04
 1.750000e-04
 1.750000e-04
 1.760000e-04
 1.765000e-04
 1.790000e-04
 1.794444e-04
 1.800000e-04
 1.800000e-04
 1.800000e-04
 1.810000e-04
 1.815000e-04
 1.840000e-04
 1.844444e-04
 1.850000e-04
 1.850000e-04
 1.850000e-04
 1.860000e-04
 1.865000e-04
 1.890000e-04
 1.894444e-04
 1.900000e-04
 1.900000e-04
 1.900000e-04
 1.910000e-04
 1.915000e-04
 1.940000e-04
 1.944444e-04
 1.950000e-04
 1.950000e-04
 1.950000e-04
 1.960000e-04
 1.965000e-04
 1.990000e-04
 1.994444e-04
 2.000000e-04
 2.000000e-04
 2.000000e-04
 2.010000e-04
 2.015000e-04
 2.040000e-04
 2.044444e-04
 2.050000e-04
 2.050000e-04
 2.050000e-04
 2.060000e-04
 2.065000e-04
 2.090000e-04
 2.094444e-04
 2.100000e-04
 2.100000e-04
 2.100000e-04
 2.110000e-04
 2.115000e-04
 2.140000e-04
 2.144444e-04
 2.150000e-04
 2.150000e-04
 2.150000e-04
 2.160000e-04
 2.165000e-04
 2.190000e-04
 2.194444e-04
 2.200000e-04
 2.200000e-04
 2.200000e-04
 2.210000e-04
 2.215000e-04
 2.240000e-04
 2.244444e-04
 2.250000e-04
 2.250000e-04
 2.250000e-04
 2.260000e-04
 2.265000e-04
 2.290000e-04
 2.294444e-04
 2.300000e-04
 2.300000e-04
 2.300000e-04
 2.310000e-04
 2.315000e-04
 2.340000e-04
 2.344444e-04
 2.350000e-04
 2.350000e-04
 2.350000e-04
 2.360000e-04
 2.365000e-04
 2.390000e-04
 2.394444e-04
 2.400000e-04
 2.400000e-04
 2.400000e-04
 2.410000e-04
 2.415000e-04
 2.440000e-04
 2.444444e-04
 2.450000e-04
 2.450000e-04
 2.450000e-04
 2.460000e-04
 2.465000e-04
 2.490000e-04
 2.494444e-04
 2.500000e-04
 2.500000e-04
 2.500000e-04
 2.510000e-04
 2.515000e-04
 2.540000e-04
 2.544444e-04
 2.550000e-04
 2.550000e-04
 2.550000e-04
 2.560000e-04
 2.565000e-04
 2.590000e-04
 2.594444e-04
 2.600000e-04
 2.600000e-04
 2.600000e-04
 2.610000e-04
 2.615000e-04
 2.640000e-04
 2.644444e-04
 2.650000e-04
 2.650000e-04
 2.650000e-04
 2.660000e-04
 2.665000e-04
 2.690000e-04
 2.694444e-04
 2.700000e-04
 2.700000e-04
 2.700000e-04
 2.710000e-04
 2.715000e-04
 2.740000e-04
 2.744444e-04
 2.750000e-04
 2.750000e-04
 2.750000e-04
 2.760000e-04
 2.765000e-04
 2.790000e-04
 2.794444e-04
 2.800000e-04
 2.800000e-04
 2.800000e-04
 2.810000e-04
 2.815000e-04
 2.840000e-04
 2.844444e-04
 2.850000e-04
 2.850000e-04
 2.850000e-04
 2.860000e-04
 2.865000e-04
 2.890000e-04
 2.894444e-04
 2.900000e-04
 2.900000e-04
 2.900000e-04
 2.910000e-04
 2.915000e-04
 2.940000e-04
 2.944444e-04
 2.950000e-04
 2.950000e-04
 2.950000e-04
 2.960000e-04
 2.965000e-04
 2.990000e-04
 2.994444e-04
 3.000000e-04
 3.000000e-04
 3.000000e-04
 3.010000e-04
 3.015000e-04
 3.040000e-04
 3.044444e-04
 3.050000e-04
 3.050000e-04
 3.050000e-04
 3.060000e-04
 3.065000e-04
 3.090000e-04
 3.094444e-04
 3.100000e-04
 3.100000e-04
 3.100000e-04
 3.110000e-04
 3.115000e-04
 3.140000e-04
 3.144444e-04
 3.150000e-04
 3.150000e-04
 3.150000e-04
 3.160000e-04
 3.165000e-04
 3.190000e-04
 3.194444e-04
 3.200000e-04
 3.200000e-04
 3.200000e-04
 3.210000e-04
 3.215000e-04
 3.240000e-04
 3.244444e-04
 3.250000e-04
 3.250000e-04
 3.250000e-04
 3.260000e-04
 3.265000e-04
 3.290000e-04
 3.294444e-04
 3.300000e-04
 3.300000e-04
 3.300000e-04
 3.310000e-04
 3.315000e-04
 3.340000e-04
 3.344444e-04
 3.350000e-04
 3.350000e-04
 3.350000e-04
 3.360000e-04
 3.365000e-04
 3.390000e-04
 3.394444e-04
 3.400000e-04
 3.400000e-04
 3.400000e-04
 3.410000e-04
 3.415000e-04
 3.440000e-04
 3.444444e-04
 3.450000e-04
 3.450000e-04
 3.450000e-04
 3.460000e-04
 3.465000e-04
 3.490000e-04
 3.494444e-04
 3.500000e-04
 3.500000e-04
 3.500000e-04
 3.510000e-04
 3.515000e-04
 3.540000e-04
 3.544444e-04
 3.550000e-04
 3.550000e-04
 3.550000e-04
 3.560000e-04
 3.565000e-04
 3.590000e-04
 3.594444e-04
 3.600000e-04
 3.600000e-04
 3.600000e-04
 3.610000e-04
 3.615000e-04
 3.640000e-04
 3.644444e-04
 3.650000e-04
 3.650000e-04
 3.650000e-04
 3.660000e-04
 3.665000e-04
 3.690000e-04
 3.694444e-04
 3.700000e-04
 3.700000e-04
 3.700000e-04
 3.710000e-04
 3.715000e-04
 3.740000e-04
 3.744444e-04
 3.750000e-04
 3.750000e-04
 3.750000e-04
 3.760000e-04
 3.765000e-04
 3.790000e-04
 3.794444e-04
 3.800000e-04
 3.800000e-04
 3.800000e-04
 3.810000e-04
 3.815000e-04
 3.840000e-04
 3.844444e-04
 3.850000e-04
 3.850000e-04
 3.850000e-04
 3.860000e-04
 3.865000e-04
 3.890000e-04
 3.894444e-04
 3.900000e-04
 3.900000e-04
 3.900000e-04
 3.910000e-04
 3.915000e-04
 3.940000e-04
 3.944444e-04
 3.950000e-04
 3.950000e-04
 3.950000e-04
 3.960000e-04
 3.965000e-04
 3.990000e-04
 3.994444e-04
 4.000000e-04
 4.000000e-04
 4.000000e-04
 4.010000e-04
 4.015000e-04
 4.040000e-04
 4.044444e-04
 4.050000e-04
 4.050000e-04
 4.050000e-04
 4.060000e-04
 4.065000e-04
 4.090000e-04
 4.094444e-04
 4.100000e-04
 4.100000e-04
 4.100000e-04
 4.110000e-04
 4.115000e-04
 4.140000e-04
 4.144444e-04
 4.150000e-04
 4.150000e-04
 4.150000e-04
 4.160000e-04
 4.165000e-04
 4.190000e-04
 4.194444e-04
 4.200000e-04
 4.200000e-04
 4.200000e-04
 4.210000e-04
 4.215000e-04
 4.240000e-04
 4.244444e-04
 4.250000e-04
 4.250000e-04
 4.250000e-04
 4.260000e-04
 4.265000e-04
 4.290000e-04
 4.294444e-04
 4.300000e-04
 4.300000e-04
 4.300000e-04
 4.310000e-04
 4.315000e-04
 4.340000e-04
 4.344444e-04
 4.350000e-04
 4.350000e-04
 4.350000e-04
 4.360000e-04
 4.365000e-04
 4.390000e-04
 4.394444e-04
 4.400000e-04
 4.400000e-04
 4.400000e-04
 4.410000e-04
 4.415000e-04
 4.440000e-04
 4.444444e-04
 4.450000e-04
 4.450000e-04
 4.450000e-04
 4.460000e-04
 4.465000e-04
 4.490000e-04
 4.494444e-04
 4.500000e-04
 4.500000e-04
 4.500000e-04
 4.510000e-04
 4.515000e-04
 4.540000e-04
 4.544444e-04
 4.550000e-04
 4.550000e-04
 4.550000e-04
 4.560000e-04
 4.565000e-04
 4.590000e-04
 4.594444e-04
 4.600000e-04
 4.600000e-04
 4.600000e-04
 4.610000e-04
 4.615000e-04
 4.640000e-04
 4.644444e-04
 4.650000e-04
 4.650000e-04
 4.650000e-04
 4.660000e-04
 4.665000e-04
 4.690000e-04
 4.694444e-04
 4.700000e-04
 4.700000e-04
 4.700000e-04
 4.710000e-04
 4.715000e-04
 4.740000e-04
 4.744444e-04
 4.750000e-04
 4.750000e-04
 4.750000e-04
 4.760000e-04
 4.765000e-04
 4.790000e-04
 4.794444e-04
 4.800000e-04
 4.800000e-04
 4.800000e-04
 4.810000e-04
 4.815000e-04
 4.840000e-04
 4.844444e-04
 4.850000e-04
 4.850000e-04
 4.850000e-04
 4.860000e-04
 4.865000e-04
 4.890000e-04
 4.894444e-04
 4.900000e-04
 4.900000e-04
 4.900000e-04
 4.910000e-04
 4.915000e-04
 4.940000e-04
 4.944444e-04
 4.950000e-04
 4.950000e-04
 4.950000e-04
 4.960000e-04
 4.965000e-04
 4.990000e-04
 4.994444e-04
 5.000000e-04
 5.000000e-04
 5.000000e-04
 5.010000e-04
 5.015000e-04
 5.040000e-04
 5.044444e-04
 5.050000e-04
 5.050000e-04
 5.050000e-04
 5.060000e-04
 5.065000e-04
 5.090000e-04
 5.094444e-04
 5.100000e-04
 5.100000e-04
 5.100000e-04
 5.110000e-04
 5.115000e-04
 5.140000e-04
 5.144444e-04
 5.150000e-04
 5.150000e-04
 5.150000e-04
 5.160000e-04
 5.165000e-04
 5.190000e-04
 5.194444e-04
 5.200000e-04
 5.200000e-04
 5.200000e-04
 5.210000e-04
 5.215000e-04
 5.240000e-04
 5.244444e-04
 5.250000e-04
 5.250000e-04
 5.250000e-04
 5.260000e-04
 5.265000e-04
 5.290000e-04
 5.294444e-04
 5.300000e-04
 5.300000e-04
 5.300000e-04
 5.310000e-04
 5.315000e-04
 5.340000e-04
 5.344444e-04
 5.350000e-04
 5.350000e-04
 5.350000e-04
 5.360000e-04
 5.365000e-04
 5.390000e-04
 5.394444e-04
 5.400000e-04
 5.400000e-04
 5.400000e-04
 5.410000e-04
 5.415000e-04
 5.440000e-04
 5.444444e-04
 5.450000e-04
 5.450000e-04
 5.450000e-04
 5.460000e-04
 5.465000e-04
 5.490000e-04
 5.494444e-04
 5.500000e-04
 5.500000e-04
 5.500000e-04
 5.510000e-04
 5.515000e-04
 5.540000e-04
 5.544444e-04
 5.550000e-04
 5.550000e-04
 5.550000e-04
 5.560000e-04
 5.565000e-04
 5.590000e-04
 5.594444e-04
 5.600000e-04
 5.600000e-04
 5.600000e-04
 5.610000e-04
 5.615000e-04
 5.640000e-04
 5.644444e-04
 5.650000e-04
 5.650000e-04
 5.650000e-04
 5.660000e-04
 5.665000e-04
 5.690000e-04
 5.694444e-04
 5.700000e-04
 5.700000e-04
 5.700000e-04
 5.710000e-04
 5.715000e-04
 5.740000e-04
 5.744444e-04
 5.750000e-04
 5.750000e-04
 5.750000e-04
 5.760000e-04
 5.765000e-04
 5.790000e-04
 5.794444e-04
 5.800000e-04
 5.800000e-04
 5.800000e-04
 5.810000e-04
 5.815000e-04
 5.840000e-04
 5.844444e-04
 5.850000e-04
 5.850000e-04
 5.850000e-04
 5.860000e-04
 5.865000e-04
 5.890000e-04
 5.894444e-04
 5.900000e-04
 5.900000e-04
 5.900000e-04
 5.910000e-04
 5.915000e-04
 5.940000e-04
 5.944444e-04
 5.950000e-04
 5.950000e-04
 5.950000e-04
 5.960000e-04
 5.965000e-04
 5.990000e-04
 5.994444e-04
 6.000000e-04
 6.000000e-04
 6.000000e-04
 6.010000e-04
 6.015000e-04
 6.040000e-04
 6.044444e-04
 6.050000e-04
 6.050000e-04
 6.050000e-04
 6.060000e-04
 6.065000e-04
 6.090000e-04
 6.094444e-04
 6.100000e-04
 6.100000e-04
 6.100000e-04
 6.110000e-04
 6.115000e-04
 6.140000e-04
 6.144444e-04
 6.150000e-04
 6.150000e-04
 6.150000e-04
 6.160000e-04
 6.165000e-04
 6.190000e-04
 6.194444e-04
 6.200000e-04
 6.200000e-04
 6.200000e-04
 6.210000e-04
 6.215000e-04
 6.240000e-04
 6.244444e-04
 6.250000e-04
 6.250000e-04
 6.250000e-04
 6.260000e-04
 6.265000e-04
 6.290000e-04
 6.294444e-04
 6.300000e-04
 6.300000e-04
 6.300000e-04
 6.310000e-04
 6.315000e-04
 6.340000e-04
 6.344444e-04
 6.350000e-04
 6.350000e-04
 6.350000e-04
 6.360000e-04
 6.365000e-04
 6.390000e-04
 6.394444e-04
 6.400000e-04
 6.400000e-04
 6.400000e-04
 6.410000e-04
 6.415000e-04
 6.440000e-04
 6.444444e-04
 6.450000e-04
 6.450000e-04
 6.450000e-04
 6.460000e-04
 6.465000e-04
 6.490000e-04
 6.494444e-04
 6.500000e-04
 6.500000e-04
 6.500000e-04
 6.510000e-04
 6.515000e-04
 6.540000e-04
 6.544444e-04
 6.550000e-04
 6.550000e-04
 6.550000e-04
 6.560000e-04
 6.565000e-04
 6.590000e-04
 6.594444e-04
 6.600000e-04
 6.600000e-04
 6.600000e-04
 6.610000e-04
 6.615000e-04
 6.640000e-04
 6.644444e-04
 6.650000e-04
 6.650000e-04
 6.650000e-04
 6.660000e-04
 6.665000e-04
 6.690000e-04
 6.694444e-04
 6.700000e-04
 6.700000e-04
 6.700000e-04
 6.710000e-04
 6.715000e-04
 6.740000e-04
 6.744444e-04
 6.750000e-04
 6.750000e-04
 6.750000e-04
 6.760000e-04
 6.765000e-04
 6.790000e-04
 6.794444e-04
 6.800000e-04
 6.800000e-04
 6.800000e-04
 6.810000e-04
 6.815000e-04
 6.840000e-04
 6.844444e-04
 6.850000e-04
 6.850000e-04
 6.850000e-04
 6.860000e-04
 6.865000e-04
 6.890000e-04
 6.894444e-04
 6.900000e-04
 6.900000e-04
 6.900000e-04
 6.910000e-04
 6.915000e-04
 6.940000e-04
 6.944444e-04
 6.950000e-04
 6.950000e-04
 6.950000e-04
 6.960000e-04
 6.965000e-04
 6.990000e-04
 6.994444e-04
 7.000000e-04
 7.000000e-04
 7.000000e-04
 7.010000e-04
 7.015000e-04
 7.040000e-04
 7.044444e-04
 7.050000e-04
 7.050000e-04
 7.050000e-04
 7.060000e-04
 7.065000e-04
 7.090000e-04
 7.094444e-04
 7.100000e-04
 7.100000e-04
 7.100000e-04
 7.110000e-04
 7.115000e-04
 7.140000e-04
 7.144444e-04
 7.150000e-04
 7.150000e-04
 7.150000e-04
 7.160000e-04
 7.165000e-04
 7.190000e-04
 7.194444e-04
 7.200000e-04
 7.200000e-04
 7.200000e-04
 7.210000e-04
 7.215000e-04
 7.240000e-04
 7.244444e-04
 7.250000e-04
 7.250000e-04
 7.250000e-04
 7.260000e-04
 7.265000e-04
 7.290000e-04
 7.294444e-04
 7.300000e-04
 7.300000e-04
 7.300000e-04
 7.310000e-04
 7.315000e-04
 7.340000e-04
 7.344444e-04
 7.350000e-04
 7.350000e-04
 7.350000e-04
 7.360000e-04
 7.365000e-04
 7.390000e-04
 7.394444e-04
 7.400000e-04
 7.400000e-04
 7.400000e-04
 7.410000e-04
 7.415000e-04
 7.440000e-04
 7.444444e-04
 7.450000e-04
 7.450000e-04
 7.450000e-04
 7.460000e-04
 7.465000e-04
 7.490000e-04
 7.494444e-04
 7.500000e-04
 7.500000e-04
 7.500000e-04
 7.510000e-04
 7.515000e-04
 7.540000e-04
 7.544444e-04
 7.550000e-04
 7.550000e-04
 7.550000e-04
 7.560000e-04
 7.565000e-04
 7.590000e-04
 7.594444e-04
 7.600000e-04
 7.600000e-04
 7.600000e-04
 7.610000e-04
 7.615000e-04
 7.640000e-04
 7.644444e-04
 7.650000e-04
 7.650000e-04
 7.650000e-04
 7.660000e-04
 7.665000e-04
 7.690000e-04
 7.694444e-04
 7.700000e-04
 7.700000e-04
 7.700000e-04
 7.710000e-04
 7.715000e-04
 7.740000e-04
 7.744444e-04
 7.750000e-04
 7.750000e-04
 7.750000e-04
 7.760000e-04
 7.765000e-04
 7.790000e-04
 7.794444e-04
 7.800000e-04
 7.800000e-04
 7.800000e-04
 7.810000e-04
 7.815000e-04
 7.840000e-04
 7.844444e-04
 7.850000e-04
 7.850000e-04
 7.850000e-04
 7.860000e-04
 7.865000e-04
 7.890000e-04
 7.894444e-04
 7.900000e-04
 7.900000e-04
 7.900000e-04
 7.910000e-04
 7.915000e-04
 7.940000e-04
 7.944444e-04
 7.950000e-04
 7.950000e-04
 7.950000e-04
 7.960000e-04
 7.965000e-04
 7.990000e-04
 7.994444e-04
 8.000000e-04
 8.000000e-04
 8.000000e-04
 8.010000e-04
 8.015000e-04
 8.040000e-04
 8.044444e-04
 8.050000e-04
 8.050000e-04
 8.050000e-04
 8.060000e-04
 8.065000e-04
 8.090000e-04
 8.094444e-04
 8.100000e-04
 8.100000e-04
 8.100000e-04
 8.110000e-04
 8.115000e-04
 8.140000e-04
 8.144444e-04
 8.150000e-04
 8.150000e-04
 8.150000e-04
 8.160000e-04
 8.165000e-04
 8.190000e-04
 8.194444e-04
 8.200000e-04
 8.200000e-04
 8.200000e-04
 8.210000e-04
 8.215000e-04
 8.240000e-04
 8.244444e-04
 8.250000e-04
 8.250000e-04
 8.250000e-04
 8.260000e-04
 8.265000e-04
 8.290000e-04
 8.294444e-04
 8.300000e-04
 8.300000e-04
 8.300000e-04
 8.310000e-04
 8.315000e-04
 8.340000e-04
 8.344444e-04
 8.350000e-04
 8.350000e-04
 8.350000e-04
 8.360000e-04
 8.365000e-04
 8.390000e-04
 8.394444e-04
 8.400000e-04
 8.400000e-04
 8.400000e-04
 8.410000e-04
 8.415000e-04
 8.440000e-04
 8.444444e-04
 8.450000e-04
 8.450000e-04
 8.450000e-04
 8.460000e-04
 8.465000e-04
 8.490000e-04
 8.494444e-04
 8.500000e-04
 8.500000e-04
 8.500000e-04
 8.510000e-04
 8.515000e-04
 8.540000e-04
 8.544444e-04
 8.550000e-04
 8.550000e-04
 8.550000e-04
 8.560000e-04
 8.565000e-04
 8.590000e-04
 8.594444e-04
 8.600000e-04
 8.600000e-04
 8.600000e-04
 8.610000e-04
 8.615000e-04
 8.640000e-04
 8.644444e-04
 8.650000e-04
 8.650000e-04
 8.650000e-04
 8.660000e-04
 8.665000e-04
 8.690000e-04
 8.694444e-04
 8.700000e-04
 8.700000e-04
 8.700000e-04
 8.710000e-04
 8.715000e-04
 8.740000e-04
 8.744444e-04
 8.750000e-04
 8.750000e-04
 8.750000e-04
 8.760000e-04
 8.765000e-04
 8.790000e-04
 8.794444e-04
 8.800000e-04
 8.800000e-04
 8.800000e-04
 8.810000e-04
 8.815000e-04
 8.840000e-04
 8.844444e-04
 8.850000e-04
 8.850000e-04
 8.850000e-04
 8.860000e-04
 8.865000e-04
 8.890000e-04
 8.894444e-04
 8.900000e-04
 8.900000e-04
 8.900000e-04
 8.910000e-04
 8.915000e-04
 8.940000e-04
 8.944444e-04
 8.950000e-04
 8.950000e-04
 8.950000e-04
 8.960000e-04
 8.965000e-04
 8.990000e-04
 8.994444e-04
 9.000000e-04
 9.000000e-04
 9.000000e-04
 9.010000e-04
 9.015000e-04
 9.040000e-04
 9.044444e-04
 9.050000e-04
 9.050000e-04
 9.050000e-04
 9.060000e-04
 9.065000e-04
 9.090000e-04
 9.094444e-04
 9.100000e-04
 9.100000e-04
 9.100000e-04
 9.110000e-04
 9.115000e-04
 9.140000e-04
 9.144444e-04
 9.150000e-04
 9.150000e-04
 9.150000e-04
 9.160000e-04
 9.165000e-04
 9.190000e-04
 9.194444e-04
 9.200000e-04
 9.200000e-04
 9.200000e-04
 9.210000e-04
 9.215000e-04
 9.240000e-04
 9.244444e-04
 9.250000e-04
 9.250000e-04
 9.250000e-04
 9.260000e-04
 9.265000e-04
 9.290000e-04
 9.294444e-04
 9.300000e-04
 9.300000e-04
 9.300000e-04
 9.310000e-04
 9.315000e-04
 9.340000e-04
 9.344444e-04
 9.350000e-04
 9.350000e-04
 9.350000e-04
 9.360000e-04
 9.365000e-04
 9.390000e-04
 9.394444e-04
 9.400000e-04
 9.400000e-04
 9.400000e-04
 9.410000e-04
 9.415000e-04
 9.440000e-04
 9.444444e-04
 9.450000e-04
 9.450000e-04
 9.450000e-04
 9.460000e-04
 9.465000e-04
 9.490000e-04
 9.494444e-04
 9.500000e-04
 9.500000e-04
 9.500000e-04
 9.510000e-04
 9.515000e-04
 9.540000e-04
 9.544444e-04
 9.550000e-04
 9.550000e-04
 9.550000e-04
 9.560000e-04
 9.565000e-04
 9.590000e-04
 9.594444e-04
 9.600000e-04
 9.600000e-04
 9.600000e-04
 9.610000e-04
 9.615000e-04
 9.640000e-04
 9.644444e-04
 9.650000e-04
 9.650000e-04
 9.650000e-04
 9.660000e-04
 9.665000e-04
 9.690000e-04
 9.694444e-04
 9.700000e-04
 9.700000e-04
 9.700000e-04
 9.710000e-04
 9.715000e-04
 9.740000e-04
 9.744444e-04
 9.750000e-04
 9.750000e-04
 9.750000e-04
 9.760000e-04
 9.765000e-04
 9.790000e-04
 9.794444e-04
 9.800000e-04
 9.800000e-04
 9.800000e-04
 9.810000e-04
 9.815000e-04
 9.840000e-04
 9.844444e-04
 9.850000e-04
 9.850000e-04
 9.850000e-04
 9.860000e-04
 9.865000e-04
 9.890000e-04
 9.894444e-04
 9.900000e-04
 9.900000e-04
 9.900000e-04
 9.910000e-04
 9.915000e-04
 9.940000e-04
 9.944444e-04
 9.950000e-04
 9.950000e-04
 9.950000e-04
 9.960000e-04
 9.965000e-04
 9.990000e-04
 9.994444e-04
 1.000000e-03
 1.000000e-03
 1.000000e-03
 1.001000e-03
 1.001500e-03
 1.004000e-03
 1.004444e-03
 1.005000e-03
 1.005000e-03
 1.005000e-03
 1.006000e-03
 1.006500e-03
 1.009000e-03
 1.009444e-03
 1.010000e-03
 1.010000e-03
 1.010000e-03
 1.011000e-03
 1.011500e-03
 1.014000e-03
 1.014444e-03
 1.015000e-03
 1.015000e-03
 1.015000e-03
 1.016000e-03
 1.016500e-03
 1.019000e-03
 1.019444e-03
 1.020000e-03
 1.020000e-03
 1.020000e-03
 1.021000e-03
 1.021500e-03
 1.024000e-03
 1.024444e-03
 1.025000e-03
 1.025000e-03
 1.025000e-03
 1.026000e-03
 1.026500e-03
 1.029000e-03
 1.029444e-03
 1.030000e-03
 1.030000e-03
 1.030000e-03
 1.031000e-03
 1.031500e-03
 1.034000e-03
 1.034444e-03
 1.035000e-03
 1.035000e-03
 1.035000e-03
 1.036000e-03
 1.036500e-03
 1.039000e-03
 1.039444e-03
 1.040000e-03
 1.040000e-03
 1.040000e-03
 1.041000e-03
 1.041500e-03
 1.044000e-03
 1.044444e-03
 1.045000e-03
 1.045000e-03
 1.045000e-03
 1.046000e-03
 1.046500e-03
 1.049000e-03
 1.049444e-03
 1.050000e-03
 1.050000e-03
 1.050000e-03
 1.051000e-03
 1.051500e-03
 1.054000e-03
 1.054444e-03
 1.055000e-03
 1.055000e-03
 1.055000e-03
 1.056000e-03
 1.056500e-03
 1.059000e-03
 1.059444e-03
 1.060000e-03
 1.060000e-03
 1.060000e-03
 1.061000e-03
 1.061500e-03
 1.064000e-03
 1.064444e-03
 1.065000e-03
 1.065000e-03
 1.065000e-03
 1.066000e-03
 1.066500e-03
 1.069000e-03
 1.069444e-03
 1.070000e-03
 1.070000e-03
 1.070000e-03
 1.071000e-03
 1.071500e-03
 1.074000e-03
 1.074444e-03
 1.075000e-03
 1.075000e-03
 1.075000e-03
 1.076000e-03
 1.076500e-03
 1.079000e-03
 1.079444e-03
 1.080000e-03
 1.080000e-03
 1.080000e-03
 1.081000e-03
 1.081500e-03
 1.084000e-03
 1.084444e-03
 1.085000e-03
 1.085000e-03
 1.085000e-03
 1.086000e-03
 1.086500e-03
 1.089000e-03
 1.089444e-03
 1.090000e-03
 1.090000e-03
 1.090000e-03
 1.091000e-03
 1.091500e-03
 1.094000e-03
 1.094444e-03
 1.095000e-03
 1.095000e-03
 1.095000e-03
 1.096000e-03
 1.096500e-03
 1.099000e-03
 1.099444e-03
 1.100000e-03
 1.100000e-03
 1.100000e-03
 1.101000e-03
 1.101500e-03
 1.104000e-03
 1.104444e-03
 1.105000e-03
 1.105000e-03
 1.105000e-03
 1.106000e-03
 1.106500e-03
 1.109000e-03
 1.109444e-03
 1.110000e-03
 1.110000e-03
 1.110000e-03
 1.111000e-03
 1.111500e-03
 1.114000e-03
 1.114444e-03
 1.115000e-03
 1.115000e-03
 1.115000e-03
 1.116000e-03
 1.116500e-03
 1.119000e-03
 1.119444e-03
 1.120000e-03
 1.120000e-03
 1.120000e-03
 1.121000e-03
 1.121500e-03
 1.124000e-03
 1.124444e-03
 1.125000e-03
 1.125000e-03
 1.125000e-03
 1.126000e-03
 1.126500e-03
 1.129000e-03
 1.129444e-03
 1.130000e-03
 1.130000e-03
 1.130000e-03
 1.131000e-03
 1.131500e-03
 1.134000e-03
 1.134444e-03
 1.135000e-03
 1.135000e-03
 1.135000e-03
 1.136000e-03
 1.136500e-03
 1.139000e-03
 1.139444e-03
 1.140000e-03
 1.140000e-03
 1.140000e-03
 1.141000e-03
 1.141500e-03
 1.144000e-03
 1.144444e-03
 1.145000e-03
 1.145000e-03
 1.145000e-03
 1.146000e-03
 1.146500e-03
 1.149000e-03
 1.149444e-03
 1.150000e-03
 1.150000e-03
 1.150000e-03
 1.151000e-03
 1.151500e-03
 1.154000e-03
 1.154444e-03
 1.155000e-03
 1.155000e-03
 1.155000e-03
 1.156000e-03
 1.156500e-03
 1.159000e-03
 1.159444e-03
 1.160000e-03
 1.160000e-03
 1.160000e-03
 1.161000e-03
 1.161500e-03
 1.164000e-03
 1.164444e-03
 1.165000e-03
 1.165000e-03
 1.165000e-03
 1.166000e-03
 1.166500e-03
 1.169000e-03
 1.169444e-03
 1.170000e-03
 1.170000e-03
 1.170000e-03
 1.171000e-03
 1.171500e-03
 1.174000e-03
 1.174444e-03
 1.175000e-03
 1.175000e-03
 1.175000e-03
 1.176000e-03
 1.176500e-03
 1.179000e-03
 1.179444e-03
 1.180000e-03
 1.180000e-03
 1.180000e-03
 1.181000e-03
 1.181500e-03
 1.184000e-03
 1.184444e-03
 1.185000e-03
 1.185000e-03
 1.185000e-03
 1.186000e-03
 1.186500e-03
 1.189000e-03
 1.189444e-03
 1.190000e-03
 1.190000e-03
 1.190000e-03
 1.191000e-03
 1.191500e-03
 1.194000e-03
 1.194444e-03
 1.195000e-03
 1.195000e-03
 1.195000e-03
 1.196000e-03
 1.196500e-03
 1.199000e-03
 1.199444e-03
 1.200000e-03
 1.200000e-03
 1.200000e-03
 1.201000e-03
 1.201500e-03
 1.204000e-03
 1.204444e-03
 1.205000e-03
 1.205000e-03
 1.205000e-03
 1.206000e-03
 1.206500e-03
 1.209000e-03
 1.209444e-03
 1.210000e-03
 1.210000e-03
 1.210000e-03
 1.211000e-03
 1.211500e-03
 1.214000e-03
 1.214444e-03
 1.215000e-03
 1.215000e-03
 1.215000e-03
 1.216000e-03
 1.216500e-03
 1.219000e-03
 1.219444e-03
 1.220000e-03
 1.220000e-03
 1.217078e-03
 1.217078e-03
 1.217078e-03
 1.217078e-03
 1.217078e-03
 1.217078e-03
 1.217663e-03
 1.217955e-03
 1.219416e-03
 1.219675e-03
 1.220000e-03
 1.220000e-03
 1.220000e-03
 1.220584e-03
 1.220876e-03
 1.222337e-03
 1.222597e-03
 1.222922e-03
 1.222922e-03
 1.222922e-03
 1.223337e-03
 1.223545e-03
 1.224584e-03
 1.224769e-03
 1.225000e-03
 1.225000e-03
 1.225000e-03
 1.226000e-03
 1.226500e-03
 1.229000e-03
 1.229444e-03
 1.230000e-03
 1.230000e-03
 1.230000e-03
 1.231000e-03
 1.231500e-03
 1.234000e-03
 1.234444e-03
 1.235000e-03
 1.235000e-03
 1.235000e-03
 1.236000e-03
 1.236500e-03
 1.239000e-03
 1.239444e-03
 1.240000e-03
 1.240000e-03
 1.240000e-03
 1.241000e-03
 1.241500e-03
 1.244000e-03
 1.244444e-03
 1.245000e-03
 1.245000e-03
 1.240085e-03
 1.240085e-03
 1.240085e-03
 1.240085e-03
 1.240085e-03
 1.240085e-03
 1.241068e-03
 1.241559e-03
 1.244017e-03
 1.244454e-03
 1.245000e-03
 1.245000e-03
 1.245000e-03
 1.246000e-03
 1.246500e-03
 1.249000e-03
 1.249444e-03
 1.250000e-03
 1.250000e-03
 1.250000e-03
 1.251000e-03
 1.251500e-03
 1.254000e-03
 1.254444e-03
 1.255000e-03
 1.255000e-03
 1.255000e-03
 1.256000e-03
 1.256500e-03
 1.259000e-03
 1.259444e-03
 1.260000e-03
 1.260000e-03
 1.260000e-03
 1.261000e-03
 1.261500e-03
 1.264000e-03
 1.264444e-03
 1.265000e-03
 1.265000e-03
 1.265000e-03
 1.266000e-03
 1.266500e-03
 1.269000e-03
 1.269444e-03
 1.270000e-03
 1.270000e-03
 1.270000e-03
 1.271000e-03
 1.271500e-03
 1.274000e-03
 1.274444e-03
 1.275000e-03
 1.275000e-03
 1.275000e-03
 1.276000e-03
 1.276500e-03
 1.279000e-03
 1.279444e-03
 1.280000e-03
 1.280000e-03
 1.280000e-03
 1.281000e-03
 1.281500e-03
 1.284000e-03
 1.284444e-03
 1.285000e-03
 1.285000e-03
 1.285000e-03
 1.286000e-03
 1.286500e-03
 1.289000e-03
 1.289444e-03
 1.290000e-03
 1.290000e-03
 1.290000e-03
 1.291000e-03
 1.291500e-03
 1.294000e-03
 1.294444e-03
 1.295000e-03
 1.295000e-03
 1.295000e-03
 1.296000e-03
 1.296500e-03
 1.299000e-03
 1.299444e-03
 1.300000e-03
 1.300000e-03
 1.300000e-03
 1.301000e-03
 1.301500e-03
 1.304000e-03
 1.304444e-03
 1.305000e-03
 1.305000e-03
 1.305000e-03
 1.306000e-03
 1.306500e-03
 1.309000e-03
 1.309444e-03
 1.310000e-03
 1.310000e-03
 1.310000e-03
 1.311000e-03
 1.311500e-03
 1.314000e-03
 1.314444e-03
 1.315000e-03
 1.315000e-03
 1.315000e-03
 1.316000e-03
 1.316500e-03
 1.319000e-03
 1.319444e-03
 1.320000e-03
 1.320000e-03
 1.320000e-03
 1.321000e-03
 1.321500e-03
 1.324000e-03
 1.324444e-03
 1.325000e-03
 1.325000e-03
 1.325000e-03
 1.326000e-03
 1.326500e-03
 1.329000e-03
 1.329444e-03
 1.330000e-03
 1.330000e-03
 1.330000e-03
 1.331000e-03
 1.331500e-03
 1.334000e-03
 1.334444e-03
 1.335000e-03
 1.335000e-03
 1.335000e-03
 1.336000e-03
 1.336500e-03
 1.339000e-03
 1.339444e-03
 1.340000e-03
 1.340000e-03
 1.340000e-03
 1.341000e-03
 1.341500e-03
 1.344000e-03
 1.344444e-03
 1.345000e-03
 1.345000e-03
 1.345000e-03
 1.346000e-03
 1.346500e-03
 1.349000e-03
 1.349444e-03
 1.350000e-03
 1.350000e-03
 1.350000e-03
 1.351000e-03
 1.351500e-03
 1.354000e-03
 1.354444e-03
 1.355000e-03
 1.355000e-03
 1.355000e-03
 1.356000e-03
 1.356500e-03
 1.359000e-03
 1.359444e-03
 1.360000e-03
 1.360000e-03
 1.360000e-03
 1.361000e-03
 1.361500e-03
 1.364000e-03
 1.364444e-03
 1.365000e-03
 1.365000e-03
 1.365000e-03
 1.366000e-03
 1.366500e-03
 1.369000e-03
 1.369444e-03
 1.370000e-03
 1.370000e-03
 1.370000e-03
 1.371000e-03
 1.371500e-03
 1.374000e-03
 1.374444e-03
 1.375000e-03
 1.375000e-03
 1.375000e-03
 1.376000e-03
 1.376500e-03
 1.379000e-03
 1.379444e-03
 1.380000e-03
 1.380000e-03
 1.380000e-03
 1.381000e-03
 1.381500e-03
 1.384000e-03
 1.384444e-03
 1.385000e-03
 1.385000e-03
 1.385000e-03
 1.386000e-03
 1.386500e-03
 1.389000e-03
 1.389444e-03
 1.390000e-03
 1.390000e-03
 1.390000e-03
 1.391000e-03
 1.391500e-03
 1.394000e-03
 1.394444e-03
 1.395000e-03
 1.395000e-03
 1.395000e-03
 1.396000e-03
 1.396500e-03
 1.399000e-03
 1.399444e-03
 1.400000e-03
 1.400000e-03
 1.400000e-03
 1.401000e-03
 1.401500e-03
 1.404000e-03
 1.404444e-03
 1.405000e-03
 1.405000e-03
 1.405000e-03
 1.406000e-03
 1.406500e-03
 1.409000e-03
 1.409444e-03
 1.410000e-03
 1.410000e-03
 1.410000e-03
 1.411000e-03
 1.411500e-03
 1.414000e-03
 1.414444e-03
 1.415000e-03
 1.415000e-03
 1.415000e-03
 1.416000e-03
 1.416500e-03
 1.419000e-03
 1.419444e-03
 1.420000e-03
 1.420000e-03
 1.420000e-03
 1.421000e-03
 1.421500e-03
 1.424000e-03
 1.424444e-03
 1.425000e-03
 1.425000e-03
 1.425000e-03
 1.426000e-03
 1.426500e-03
 1.429000e-03
 1.429444e-03
 1.430000e-03
 1.430000e-03
 1.430000e-03
 1.431000e-03
 1.431500e-03
 1.434000e-03
 1.434444e-03
 1.435000e-03
 1.435000e-03
 1.435000e-03
 1.436000e-03
 1.436500e-03
 1.439000e-03
 1.439444e-03
 1.440000e-03
 1.440000e-03
 1.440000e-03
 1.441000e-03
 1.441500e-03
 1.444000e-03
 1.444444e-03
 1.445000e-03
 1.445000e-03
 1.445000e-03
 1.446000e-03
 1.446500e-03
 1.449000e-03
 1.449444e-03
 1.450000e-03
 1.450000e-03
 1.450000e-03
 1.451000e-03
 1.451500e-03
 1.454000e-03
 1.454444e-03
 1.455000e-03
 1.455000e-03
 1.455000e-03
 1.456000e-03
 1.456500e-03
 1.459000e-03
 1.459444e-03
 1.460000e-03
 1.460000e-03
 1.460000e-03
 1.461000e-03
 1.461500e-03
 1.464000e-03
 1.464444e-03
 1.465000e-03
 1.465000e-03
 1.465000e-03
 1.466000e-03
 1.466500e-03
 1.469000e-03
 1.469444e-03
 1.470000e-03
 1.470000e-03
 1.470000e-03
 1.471000e-03
 1.471500e-03
 1.474000e-03
 1.474444e-03
 1.475000e-03
 1.475000e-03
 1.475000e-03
 1.476000e-03
 1.476500e-03
 1.479000e-03
 1.479444e-03
 1.480000e-03
 1.480000e-03
 1.480000e-03
 1.481000e-03
 1.481500e-03
 1.484000e-03
 1.484444e-03
 1.485000e-03
 1.485000e-03
 1.485000e-03
 1.486000e-03
 1.486500e-03
 1.489000e-03
 1.489444e-03
 1.490000e-03
 1.490000e-03
 1.490000e-03
 1.491000e-03
 1.491500e-03
 1.494000e-03
 1.494444e-03
 1.495000e-03
 1.495000e-03
 1.495000e-03
 1.496000e-03
 1.496500e-03
 1.499000e-03
 1.499444e-03
 1.500000e-03
 1.500000e-03
 1.500000e-03
 1.501000e-03
 1.501500e-03
 1.504000e-03
 1.504444e-03
 1.505000e-03
 1.505000e-03
 1.505000e-03
 1.506000e-03
 1.506500e-03
 1.509000e-03
 1.509444e-03
 1.510000e-03
 1.510000e-03
 1.510000e-03
 1.511000e-03
 1.511500e-03
 1.514000e-03
 1.514444e-03
 1.515000e-03
 1.515000e-03
 1.515000e-03
 1.516000e-03
 1.516500e-03
 1.519000e-03
 1.519444e-03
 1.520000e-03
 1.520000e-03
 1.520000e-03
 1.521000e-03
 1.521500e-03
 1.524000e-03
 1.524444e-03
 1.525000e-03
 1.525000e-03
 1.525000e-03
 1.526000e-03
 1.526500e-03
 1.529000e-03
 1.529444e-03
 1.530000e-03
 1.530000e-03
 1.530000e-03
 1.531000e-03
 1.531500e-03
 1.534000e-03
 1.534444e-03
 1.535000e-03
 1.535000e-03
 1.535000e-03
 1.536000e-03
 1.536500e-03
 1.539000e-03
 1.539444e-03
 1.540000e-03
 1.540000e-03
 1.540000e-03
 1.541000e-03
 1.541500e-03
 1.544000e-03
 1.544444e-03
 1.545000e-03
 1.545000e-03
 1.545000e-03
 1.546000e-03
 1.546500e-03
 1.549000e-03
 1.549444e-03
 1.550000e-03
 1.550000e-03
 1.550000e-03
 1.551000e-03
 1.551500e-03
 1.554000e-03
 1.554444e-03
 1.555000e-03
 1.555000e-03
 1.555000e-03
 1.556000e-03
 1.556500e-03
 1.559000e-03
 1.559444e-03
 1.560000e-03
 1.560000e-03
 1.560000e-03
 1.561000e-03
 1.561500e-03
 1.564000e-03
 1.564444e-03
 1.565000e-03
 1.565000e-03
 1.565000e-03
 1.566000e-03
 1.566500e-03
 1.569000e-03
 1.569444e-03
 1.570000e-03
 1.570000e-03
 1.570000e-03
 1.571000e-03
 1.571500e-03
 1.574000e-03
 1.574444e-03
 1.575000e-03
 1.575000e-03
 1.575000e-03
 1.576000e-03
 1.576500e-03
 1.579000e-03
 1.579444e-03
 1.580000e-03
 1.580000e-03
 1.580000e-03
 1.581000e-03
 1.581500e-03
 1.584000e-03
 1.584444e-03
 1.585000e-03
 1.585000e-03
 1.585000e-03
 1.586000e-03
 1.586500e-03
 1.589000e-03
 1.589444e-03
 1.590000e-03
 1.590000e-03
 1.590000e-03
 1.591000e-03
 1.591500e-03
 1.594000e-03
 1.594444e-03
 1.595000e-03
 1.595000e-03
 1.595000e-03
 1.596000e-03
 1.596500e-03
 1.599000e-03
 1.599444e-03
 1.600000e-03
 1.600000e-03
 1.600000e-03
 1.601000e-03
 1.601500e-03
 1.604000e-03
 1.604444e-03
 1.605000e-03
 1.605000e-03
 1.605000e-03
 1.606000e-03
 1.606500e-03
 1.609000e-03
 1.609444e-03
 1.610000e-03
 1.610000e-03
 1.610000e-03
 1.611000e-03
 1.611500e-03
 1.614000e-03
 1.614444e-03
 1.615000e-03
 1.615000e-03
 1.615000e-03
 1.616000e-03
 1.616500e-03
 1.619000e-03
 1.619444e-03
 1.620000e-03
 1.620000e-03
 1.620000e-03
 1.621000e-03
 1.621500e-03
 1.624000e-03
 1.624444e-03
 1.625000e-03
 1.625000e-03
 1.625000e-03
 1.626000e-03
 1.626500e-03
 1.629000e-03
 1.629444e-03
 1.630000e-03
 1.630000e-03
 1.630000e-03
 1.631000e-03
 1.631500e-03
 1.634000e-03
 1.634444e-03
 1.635000e-03
 1.635000e-03
 1.635000e-03
 1.636000e-03
 1.636500e-03
 1.639000e-03
 1.639444e-03
 1.640000e-03
 1.640000e-03
 1.640000e-03
 1.641000e-03
 1.641500e-03
 1.644000e-03
 1.644444e-03
 1.645000e-03
 1.645000e-03
 1.645000e-03
 1.646000e-03
 1.646500e-03
 1.649000e-03
 1.649444e-03
 1.650000e-03
 1.650000e-03
 1.650000e-03
 1.651000e-03
 1.651500e-03
 1.654000e-03
 1.654444e-03
 1.655000e-03
 1.655000e-03
 1.655000e-03
 1.656000e-03
 1.656500e-03
 1.659000e-03
 1.659444e-03
 1.660000e-03
 1.660000e-03
 1.660000e-03
 1.661000e-03
 1.661500e-03
 1.664000e-03
 1.664444e-03
 1.665000e-03
 1.665000e-03
 1.665000e-03
 1.666000e-03
 1.666500e-03
 1.669000e-03
 1.669444e-03
 1.670000e-03
 1.670000e-03
 1.670000e-03
 1.671000e-03
 1.671500e-03
 1.674000e-03
 1.674444e-03
 1.675000e-03
 1.675000e-03
 1.675000e-03
 1.676000e-03
 1.676500e-03
 1.679000e-03
 1.679444e-03
 1.680000e-03
 1.680000e-03
 1.680000e-03
 1.681000e-03
 1.681500e-03
 1.684000e-03
 1.684444e-03
 1.685000e-03
 1.685000e-03
 1.685000e-03
 1.686000e-03
 1.686500e-03
 1.689000e-03
 1.689444e-03
 1.690000e-03
 1.690000e-03
 1.690000e-03
 1.691000e-03
 1.691500e-03
 1.694000e-03
 1.694444e-03
 1.695000e-03
 1.695000e-03
 1.695000e-03
 1.696000e-03
 1.696500e-03
 1.699000e-03
 1.699444e-03
 1.700000e-03
 1.700000e-03
 1.700000e-03
 1.701000e-03
 1.701500e-03
 1.704000e-03
 1.704444e-03
 1.705000e-03
 1.705000e-03
 1.705000e-03
 1.706000e-03
 1.706500e-03
 1.709000e-03
 1.709444e-03
 1.710000e-03
 1.710000e-03
 1.710000e-03
 1.711000e-03
 1.711500e-03
 1.714000e-03
 1.714444e-03
 1.715000e-03
 1.715000e-03
 1.715000e-03
 1.716000e-03
 1.716500e-03
 1.719000e-03
 1.719444e-03
 1.720000e-03
 1.720000e-03
 1.720000e-03
 1.721000e-03
 1.721500e-03
 1.724000e-03
 1.724444e-03
 1.725000e-03
 1.725000e-03
 1.725000e-03
 1.726000e-03
 1.726500e-03
 1.729000e-03
 1.729444e-03
 1.730000e-03
 1.730000e-03
 1.730000e-03
 1.731000e-03
 1.731500e-03
 1.734000e-03
 1.734444e-03
 1.735000e-03
 1.735000e-03
 1.735000e-03
 1.736000e-03
 1.736500e-03
 1.739000e-03
 1.739444e-03
 1.740000e-03
 1.740000e-03
 1.740000e-03
 1.741000e-03
 1.741500e-03
 1.744000e-03
 1.744444e-03
 1.745000e-03
 1.745000e-03
 1.745000e-03
 1.746000e-03
 1.746500e-03
 1.749000e-03
 1.749444e-03
 1.750000e-03
 1.750000e-03
 1.750000e-03
 1.751000e-03
 1.751500e-03
 1.754000e-03
 1.754444e-03
 1.755000e-03
 1.755000e-03
 1.755000e-03
 1.756000e-03
 1.756500e-03
 1.759000e-03
 1.759444e-03
 1.760000e-03
 1.760000e-03
 1.760000e-03
 1.761000e-03
 1.761500e-03
 1.764000e-03
 1.764444e-03
 1.765000e-03
 1.765000e-03
 1.765000e-03
 1.766000e-03
 1.766500e-03
 1.769000e-03
 1.769444e-03
 1.770000e-03
 1.770000e-03
 1.770000e-03
 1.771000e-03
 1.771500e-03
 1.774000e-03
 1.774444e-03
 1.775000e-03
 1.775000e-03
 1.775000e-03
 1.776000e-03
 1.776500e-03
 1.779000e-03
 1.779444e-03
 1.780000e-03
 1.780000e-03
 1.780000e-03
 1.781000e-03
 1.781500e-03
 1.784000e-03
 1.784444e-03
 1.785000e-03
 1.785000e-03
 1.785000e-03
 1.786000e-03
 1.786500e-03
 1.789000e-03
 1.789444e-03
 1.790000e-03
 1.790000e-03
 1.790000e-03
 1.791000e-03
 1.791500e-03
 1.794000e-03
 1.794444e-03
 1.795000e-03
 1.795000e-03
 1.795000e-03
 1.796000e-03
 1.796500e-03
 1.799000e-03
 1.799444e-03
 1.800000e-03
 1.800000e-03
 1.800000e-03
 1.801000e-03
 1.801500e-03
 1.804000e-03
 1.804444e-03
 1.805000e-03
 1.805000e-03
 1.805000e-03
 1.806000e-03
 1.806500e-03
 1.809000e-03
 1.809444e-03
 1.810000e-03
 1.810000e-03
 1.810000e-03
 1.811000e-03
 1.811500e-03
 1.814000e-03
 1.814444e-03
 1.815000e-03
 1.815000e-03
 1.815000e-03
 1.816000e-03
 1.816500e-03
 1.819000e-03
 1.819444e-03
 1.820000e-03
 1.820000e-03
 1.820000e-03
 1.821000e-03
 1.821500e-03
 1.824000e-03
 1.824444e-03
 1.825000e-03
 1.825000e-03
 1.825000e-03
 1.826000e-03
 1.826500e-03
 1.829000e-03
 1.829444e-03
 1.830000e-03
 1.830000e-03
 1.830000e-03
 1.831000e-03
 1.831500e-03
 1.834000e-03
 1.834444e-03
 1.835000e-03
 1.835000e-03
 1.835000e-03
 1.836000e-03
 1.836500e-03
 1.839000e-03
 1.839444e-03
 1.840000e-03
 1.840000e-03
 1.840000e-03
 1.841000e-03
 1.841500e-03
 1.844000e-03
 1.844444e-03
 1.845000e-03
 1.845000e-03
 1.845000e-03
 1.846000e-03
 1.846500e-03
 1.849000e-03
 1.849444e-03
 1.850000e-03
 1.850000e-03
 1.850000e-03
 1.851000e-03
 1.851500e-03
 1.854000e-03
 1.854444e-03
 1.855000e-03
 1.855000e-03
 1.855000e-03
 1.856000e-03
 1.856500e-03
 1.859000e-03
 1.859444e-03
 1.860000e-03
 1.860000e-03
 1.860000e-03
 1.861000e-03
 1.861500e-03
 1.864000e-03
 1.864444e-03
 1.865000e-03
 1.865000e-03
 1.865000e-03
 1.866000e-03
 1.866500e-03
 1.869000e-03
 1.869444e-03
 1.870000e-03
 1.870000e-03
 1.870000e-03
 1.871000e-03
 1.871500e-03
 1.874000e-03
 1.874444e-03
 1.875000e-03
 1.875000e-03
 1.875000e-03
 1.876000e-03
 1.876500e-03
 1.879000e-03
 1.879444e-03
 1.880000e-03
 1.880000e-03
 1.880000e-03
 1.881000e-03
 1.881500e-03
 1.884000e-03
 1.884444e-03
 1.885000e-03
 1.885000e-03
 1.885000e-03
 1.886000e-03
 1.886500e-03
 1.889000e-03
 1.889444e-03
 1.890000e-03
 1.890000e-03
 1.890000e-03
 1.891000e-03
 1.891500e-03
 1.894000e-03
 1.894444e-03
 1.895000e-03
 1.895000e-03
 1.895000e-03
 1.896000e-03
 1.896500e-03
 1.899000e-03
 1.899444e-03
 1.900000e-03
 1.900000e-03
 1.900000e-03
 1.901000e-03
 1.901500e-03
 1.904000e-03
 1.904444e-03
 1.905000e-03
 1.905000e-03
 1.905000e-03
 1.906000e-03
 1.906500e-03
 1.909000e-03
 1.909444e-03
 1.910000e-03
 1.910000e-03
 1.910000e-03
 1.911000e-03
 1.911500e-03
 1.914000e-03
 1.914444e-03
 1.915000e-03
 1.915000e-03
 1.915000e-03
 1.916000e-03
 1.916500e-03
 1.919000e-03
 1.919444e-03
 1.920000e-03
 1.920000e-03
 1.920000e-03
 1.921000e-03
 1.921500e-03
 1.924000e-03
 1.924444e-03
 1.925000e-03
 1.925000e-03
 1.925000e-03
 1.926000e-03
 1.926500e-03
 1.929000e-03
 1.929444e-03
 1.930000e-03
 1.930000e-03
 1.930000e-03
 1.931000e-03
 1.931500e-03
 1.934000e-03
 1.934444e-03
 1.935000e-03
 1.935000e-03
 1.935000e-03
 1.936000e-03
 1.936500e-03
 1.939000e-03
 1.939444e-03
 1.940000e-03
 1.940000e-03
 1.940000e-03
 1.941000e-03
 1.941500e-03
 1.944000e-03
 1.944444e-03
 1.945000e-03
 1.945000e-03
 1.945000e-03
 1.946000e-03
 1.946500e-03
 1.949000e-03
 1.949444e-03
 1.950000e-03
 1.950000e-03
 1.950000e-03
 1.951000e-03
 1.951500e-03
 1.954000e-03
 1.954444e-03
 1.955000e-03
 1.955000e-03
 1.955000e-03
 1.956000e-03
 1.956500e-03
 1.959000e-03
 1.959444e-03
 1.960000e-03
 1.960000e-03
 1.960000e-03
 1.961000e-03
 1.961500e-03
 1.964000e-03
 1.964444e-03
 1.965000e-03
 1.965000e-03
 1.965000e-03
 1.966000e-03
 1.966500e-03
 1.969000e-03
 1.969444e-03
 1.970000e-03
 1.970000e-03
 1.970000e-03
 1.971000e-03
 1.971500e-03
 1.974000e-03
 1.974444e-03
 1.975000e-03
 1.975000e-03
 1.975000e-03
 1.976000e-03
 1.976500e-03
 1.979000e-03
 1.979444e-03
 1.980000e-03
 1.980000e-03
 1.980000e-03
 1.981000e-03
 1.981500e-03
 1.984000e-03
 1.984444e-03
 1.985000e-03
 1.985000e-03
 1.985000e-03
 1.986000e-03
 1.986500e-03
 1.989000e-03
 1.989444e-03
 1.990000e-03
 1.990000e-03
 1.990000e-03
 1.991000e-03
 1.991500e-03
 1.994000e-03
 1.994444e-03
 1.995000e-03
 1.995000e-03
 1.995000e-03
 1.996000e-03
 1.996500e-03
 1.999000e-03
 1.999444e-03
 2.000000e-03
 2.000000e-03
 2.000000e-03
 2.001000e-03
 2.001500e-03
 2.004000e-03
 2.004444e-03
 2.005000e-03
 2.005000e-03
 2.005000e-03
 2.006000e-03
 2.006500e-03
 2.009000e-03
 2.009444e-03
 2.010000e-03
 2.010000e-03
 2.010000e-03
 2.011000e-03
 2.011500e-03
 2.014000e-03
 2.014444e-03
 2.015000e-03
 2.015000e-03
 2.015000e-03
 2.016000e-03
 2.016500e-03
 2.019000e-03
 2.019444e-03
 2.020000e-03
 2.020000e-03
 2.020000e-03
 2.021000e-03
 2.021500e-03
 2.024000e-03
 2.024444e-03
 2.025000e-03
 2.025000e-03
 2.025000e-03
 2.026000e-03
 2.026500e-03
 2.029000e-03
 2.029444e-03
 2.030000e-03
 2.030000e-03
 2.030000e-03
 2.031000e-03
 2.031500e-03
 2.034000e-03
 2.034444e-03
 2.035000e-03
 2.035000e-03
 2.035000e-03
 2.036000e-03
 2.036500e-03
 2.039000e-03
 2.039444e-03
 2.040000e-03
 2.040000e-03
 2.040000e-03
 2.041000e-03
 2.041500e-03
 2.044000e-03
 2.044444e-03
 2.045000e-03
 2.045000e-03
 2.045000e-03
 2.046000e-03
 2.046500e-03
 2.049000e-03
 2.049444e-03
 2.050000e-03
 2.050000e-03
 2.050000e-03
 2.051000e-03
 2.051500e-03
 2.054000e-03
 2.054444e-03
 2.055000e-03
 2.055000e-03
 2.055000e-03
 2.056000e-03
 2.056500e-03
 2.059000e-03
 2.059444e-03
 2.060000e-03
 2.060000e-03
 2.060000e-03
 2.061000e-03
 2.061500e-03
 2.064000e-03
 2.064444e-03
 2.065000e-03
 2.065000e-03
 2.065000e-03
 2.066000e-03
 2.066500e-03
 2.069000e-03
 2.069444e-03
 2.070000e-03
 2.070000e-03
 2.070000e-03
 2.071000e-03
 2.071500e-03
 2.074000e-03
 2.074444e-03
 2.075000e-03
 2.075000e-03
 2.075000e-03
 2.076000e-03
 2.076500e-03
 2.079000e-03
 2.079444e-03
 2.080000e-03
 2.080000e-03
 2.080000e-03
 2.081000e-03
 2.081500e-03
 2.084000e-03
 2.084444e-03
 2.085000e-03
 2.085000e-03
 2.085000e-03
 2.086000e-03
 2.086500e-03
 2.089000e-03
 2.089444e-03
 2.090000e-03
 2.090000e-03
 2.090000e-03
 2.091000e-03
 2.091500e-03
 2.094000e-03
 2.094444e-03
 2.095000e-03
 2.095000e-03
 2.095000e-03
 2.096000e-03
 2.096500e-03
 2.099000e-03
 2.099444e-03
 2.100000e-03
 2.100000e-03
 2.100000e-03
 2.101000e-03
 2.101500e-03
 2.104000e-03
 2.104444e-03
 2.105000e-03
 2.105000e-03
 2.105000e-03
 2.106000e-03
 2.106500e-03
 2.109000e-03
 2.109444e-03
 2.110000e-03
 2.110000e-03
 2.110000e-03
 2.111000e-03
 2.111500e-03
 2.114000e-03
 2.114444e-03
 2.115000e-03
 2.115000e-03
 2.115000e-03
 2.116000e-03
 2.116500e-03
 2.119000e-03
 2.119444e-03
 2.120000e-03
 2.120000e-03
 2.120000e-03
 2.121000e-03
 2.121500e-03
 2.124000e-03
 2.124444e-03
 2.125000e-03
 2.125000e-03
 2.125000e-03
 2.126000e-03
 2.126500e-03
 2.129000e-03
 2.129444e-03
 2.130000e-03
 2.130000e-03
 2.130000e-03
 2.131000e-03
 2.131500e-03
 2.134000e-03
 2.134444e-03
 2.135000e-03
 2.135000e-03
 2.135000e-03
 2.136000e-03
 2.136500e-03
 2.139000e-03
 2.139444e-03
 2.140000e-03
 2.140000e-03
 2.140000e-03
 2.141000e-03
 2.141500e-03
 2.144000e-03
 2.144444e-03
 2.145000e-03
 2.145000e-03
 2.145000e-03
 2.146000e-03
 2.146500e-03
 2.149000e-03
 2.149444e-03
 2.150000e-03
 2.150000e-03
 2.150000e-03
 2.151000e-03
 2.151500e-03
 2.154000e-03
 2.154444e-03
 2.155000e-03
 2.155000e-03
 2.155000e-03
 2.156000e-03
 2.156500e-03
 2.159000e-03
 2.159444e-03
 2.160000e-03
 2.160000e-03
 2.160000e-03
 2.161000e-03
 2.161500e-03
 2.164000e-03
 2.164444e-03
 2.165000e-03
 2.165000e-03
 2.165000e-03
 2.166000e-03
 2.166500e-03
 2.169000e-03
 2.169444e-03
 2.170000e-03
 2.170000e-03
 2.170000e-03
 2.171000e-03
 2.171500e-03
 2.174000e-03
 2.174444e-03
 2.175000e-03
 2.175000e-03
 2.175000e-03
 2.176000e-03
 2.176500e-03
 2.179000e-03
 2.179444e-03
 2.180000e-03
 2.180000e-03
 2.180000e-03
 2.181000e-03
 2.181500e-03
 2.184000e-03
 2.184444e-03
 2.185000e-03
 2.185000e-03
 2.185000e-03
 2.186000e-03
 2.186500e-03
 2.189000e-03
 2.189444e-03
 2.190000e-03
 2.190000e-03
 2.190000e-03
 2.191000e-03
 2.191500e-03
 2.194000e-03
 2.194444e-03
 2.195000e-03
 2.195000e-03
 2.195000e-03
 2.196000e-03
 2.196500e-03
 2.199000e-03
 2.199444e-03
 2.200000e-03
 2.200000e-03
 2.200000e-03
 2.201000e-03
 2.201500e-03
 2.204000e-03
 2.204444e-03
 2.205000e-03
 2.205000e-03
 2.205000e-03
 2.206000e-03
 2.206500e-03
 2.209000e-03
 2.209444e-03
 2.210000e-03
 2.210000e-03
 2.210000e-03
 2.211000e-03
 2.211500e-03
 2.214000e-03
 2.214444e-03
 2.215000e-03
 2.215000e-03
 2.215000e-03
 2.216000e-03
 2.216500e-03
 2.219000e-03
 2.219444e-03
 2.220000e-03
 2.220000e-03
 2.220000e-03
 2.221000e-03
 2.221500e-03
 2.224000e-03
 2.224444e-03
 2.225000e-03
 2.225000e-03
 2.225000e-03
 2.226000e-03
 2.226500e-03
 2.229000e-03
 2.229444e-03
 2.230000e-03
 2.230000e-03
 2.229587e-03
 2.229587e-03
 2.229587e-03
 2.229587e-03
 2.229669e-03
 2.229711e-03
 2.229917e-03
 2.229954e-03
 2.230000e-03
 2.230000e-03
 2.230000e-03
 2.230083e-03
 2.230124e-03
 2.230331e-03
 2.230367e-03
 2.230413e-03
 2.230413e-03
 2.230413e-03
 2.230578e-03
 2.230661e-03
 2.231074e-03
 2.231148e-03
 2.231240e-03
 2.231240e-03
 2.231240e-03
 2.231570e-03
 2.231735e-03
 2.232562e-03
 2.232709e-03
 2.232892e-03
 2.232892e-03
 2.232892e-03
 2.233314e-03
 2.233525e-03
 2.234578e-03
 2.234766e-03
 2.235000e-03
 2.235000e-03
 2.235000e-03
 2.236000e-03
 2.236500e-03
 2.239000e-03
 2.239444e-03
 2.240000e-03
 2.240000e-03
 2.240000e-03
 2.241000e-03
 2.241500e-03
 2.244000e-03
 2.244444e-03
 2.245000e-03
 2.245000e-03
 2.245000e-03
 2.246000e-03
 2.246500e-03
 2.249000e-03
 2.249444e-03
 2.250000e-03
 2.250000e-03
 2.250000e-03
 2.251000e-03
 2.251500e-03
 2.254000e-03
 2.254444e-03
 2.255000e-03
 2.255000e-03
 2.255000e-03
 2.256000e-03
 2.256500e-03
 2.259000e-03
 2.259444e-03
 2.260000e-03
 2.260000e-03
 2.260000e-03
 2.261000e-03
 2.261500e-03
 2.264000e-03
 2.264444e-03
 2.265000e-03
 2.265000e-03
 2.265000e-03
 2.266000e-03
 2.266500e-03
 2.269000e-03
 2.269444e-03
 2.270000e-03
 2.270000e-03
 2.270000e-03
 2.271000e-03
 2.271500e-03
 2.274000e-03
 2.274444e-03
 2.275000e-03
 2.275000e-03
 2.275000e-03
 2.276000e-03
 2.276500e-03
 2.279000e-03
 2.279444e-03
 2.280000e-03
 2.280000e-03
 2.280000e-03
 2.281000e-03
 2.281500e-03
 2.284000e-03
 2.284444e-03
 2.285000e-03
 2.285000e-03
 2.285000e-03
 2.286000e-03
 2.286500e-03
 2.289000e-03
 2.289444e-03
 2.290000e-03
 2.290000e-03
 2.290000e-03
 2.291000e-03
 2.291500e-03
 2.294000e-03
 2.294444e-03
 2.295000e-03
 2.295000e-03
 2.295000e-03
 2.296000e-03
 2.296500e-03
 2.299000e-03
 2.299444e-03
 2.300000e-03
 2.300000e-03
 2.300000e-03
 2.301000e-03
 2.301500e-03
 2.304000e-03
 2.304444e-03
 2.305000e-03
 2.305000e-03
 2.305000e-03
 2.306000e-03
 2.306500e-03
 2.309000e-03
 2.309444e-03
 2.310000e-03
 2.310000e-03
 2.310000e-03
 2.311000e-03
 2.311500e-03
 2.314000e-03
 2.314444e-03
 2.315000e-03
 2.315000e-03
 2.315000e-03
 2.316000e-03
 2.316500e-03
 2.319000e-03
 2.319444e-03
 2.320000e-03
 2.320000e-03
 2.320000e-03
 2.321000e-03
 2.321500e-03
 2.324000e-03
 2.324444e-03
 2.325000e-03
 2.325000e-03
 2.325000e-03
 2.326000e-03
 2.326500e-03
 2.329000e-03
 2.329444e-03
 2.330000e-03
 2.330000e-03
 2.330000e-03
 2.331000e-03
 2.331500e-03
 2.334000e-03
 2.334444e-03
 2.335000e-03
 2.335000e-03
 2.335000e-03
 2.336000e-03
 2.336500e-03
 2.339000e-03
 2.339444e-03
 2.340000e-03
 2.340000e-03
 2.340000e-03
 2.341000e-03
 2.341500e-03
 2.344000e-03
 2.344444e-03
 2.345000e-03
 2.345000e-03
 2.345000e-03
 2.346000e-03
 2.346500e-03
 2.349000e-03
 2.349444e-03
 2.350000e-03
 2.350000e-03
 2.350000e-03
 2.351000e-03
 2.351500e-03
 2.354000e-03
 2.354444e-03
 2.355000e-03
 2.355000e-03
 2.355000e-03
 2.356000e-03
 2.356500e-03
 2.359000e-03
 2.359444e-03
 2.360000e-03
 2.360000e-03
 2.360000e-03
 2.361000e-03
 2.361500e-03
 2.364000e-03
 2.364444e-03
 2.365000e-03
 2.365000e-03
 2.365000e-03
 2.366000e-03
 2.366500e-03
 2.369000e-03
 2.369444e-03
 2.370000e-03
 2.370000e-03
 2.370000e-03
 2.371000e-03
 2.371500e-03
 2.374000e-03
 2.374444e-03
 2.375000e-03
 2.375000e-03
 2.375000e-03
 2.376000e-03
 2.376500e-03
 2.379000e-03
 2.379444e-03
 2.380000e-03
 2.380000e-03
 2.380000e-03
 2.381000e-03
 2.381500e-03
 2.384000e-03
 2.384444e-03
 2.385000e-03
 2.385000e-03
 2.385000e-03
 2.386000e-03
 2.386500e-03
 2.389000e-03
 2.389444e-03
 2.390000e-03
 2.390000e-03
 2.390000e-03
 2.391000e-03
 2.391500e-03
 2.394000e-03
 2.394444e-03
 2.395000e-03
 2.395000e-03
 2.395000e-03
 2.396000e-03
 2.396500e-03
 2.399000e-03
 2.399444e-03
 2.400000e-03
 2.400000e-03
 2.400000e-03
 2.401000e-03
 2.401500e-03
 2.404000e-03
 2.404444e-03
 2.405000e-03
 2.405000e-03
 2.405000e-03
 2.406000e-03
 2.406500e-03
 2.409000e-03
 2.409444e-03
 2.410000e-03
 2.410000e-03
 2.410000e-03
 2.411000e-03
 2.411500e-03
 2.414000e-03
 2.414444e-03
 2.415000e-03
 2.415000e-03
 2.415000e-03
 2.416000e-03
 2.416500e-03
 2.419000e-03
 2.419444e-03
 2.420000e-03
 2.420000e-03
 2.420000e-03
 2.421000e-03
 2.421500e-03
 2.424000e-03
 2.424444e-03
 2.425000e-03
 2.425000e-03
 2.425000e-03
 2.426000e-03
 2.426500e-03
 2.429000e-03
 2.429444e-03
 2.430000e-03
 2.430000e-03
 2.430000e-03
 2.431000e-03
 2.431500e-03
 2.434000e-03
 2.434444e-03
 2.435000e-03
 2.435000e-03
 2.435000e-03
 2.436000e-03
 2.436500e-03
 2.439000e-03
 2.439444e-03
 2.440000e-03
 2.440000e-03
 2.440000e-03
 2.441000e-03
 2.441500e-03
 2.444000e-03
 2.444444e-03
 2.445000e-03
 2.445000e-03
 2.445000e-03
 2.446000e-03
 2.446500e-03
 2.449000e-03
 2.449444e-03
 2.450000e-03
 2.450000e-03
 2.450000e-03
 2.451000e-03
 2.451500e-03
 2.454000e-03
 2.454444e-03
 2.455000e-03
 2.455000e-03
 2.455000e-03
 2.456000e-03
 2.456500e-03
 2.459000e-03
 2.459444e-03
 2.460000e-03
 2.460000e-03
 2.460000e-03
 2.461000e-03
 2.461500e-03
 2.464000e-03
 2.464444e-03
 2.465000e-03
 2.465000e-03
 2.465000e-03
 2.466000e-03
 2.466500e-03
 2.469000e-03
 2.469444e-03
 2.470000e-03
 2.470000e-03
 2.470000e-03
 2.471000e-03
 2.471500e-03
 2.474000e-03
 2.474444e-03
 2.475000e-03
 2.475000e-03
 2.475000e-03
 2.476000e-03
 2.476500e-03
 2.479000e-03
 2.479444e-03
 2.480000e-03
 2.480000e-03
 2.480000e-03
 2.481000e-03
 2.481500e-03
 2.484000e-03
 2.484444e-03
 2.485000e-03
 2.485000e-03
 2.485000e-03
 2.486000e-03
 2.486500e-03
 2.489000e-03
 2.489444e-03
 2.490000e-03
 2.490000e-03
 2.490000e-03
 2.491000e-03
 2.491500e-03
 2.494000e-03
 2.494444e-03
 2.495000e-03
 2.495000e-03
 2.495000e-03
 2.496000e-03
 2.496500e-03
 2.499000e-03
 2.499444e-03
 2.500000e-03
 2.500000e-03
 2.500000e-03
 2.501000e-03
 2.501500e-03
 2.504000e-03
 2.504444e-03
 2.505000e-03
 2.505000e-03
 2.505000e-03
 2.506000e-03
 2.506500e-03
 2.509000e-03
 2.509444e-03
 2.510000e-03
 2.510000e-03
 2.510000e-03
 2.511000e-03
 2.511500e-03
 2.514000e-03
 2.514444e-03
 2.515000e-03
 2.515000e-03
 2.515000e-03
 2.516000e-03
 2.516500e-03
 2.519000e-03
 2.519444e-03
 2.520000e-03
 2.520000e-03
 2.520000e-03
 2.521000e-03
 2.521500e-03
 2.524000e-03
 2.524444e-03
 2.525000e-03
 2.525000e-03
 2.525000e-03
 2.526000e-03
 2.526500e-03
 2.529000e-03
 2.529444e-03
 2.530000e-03
 2.530000e-03
 2.530000e-03
 2.531000e-03
 2.531500e-03
 2.534000e-03
 2.534444e-03
 2.535000e-03
 2.535000e-03
 2.535000e-03
 2.536000e-03
 2.536500e-03
 2.539000e-03
 2.539444e-03
 2.540000e-03
 2.540000e-03
 2.540000e-03
 2.541000e-03
 2.541500e-03
 2.544000e-03
 2.544444e-03
 2.545000e-03
 2.545000e-03
 2.545000e-03
 2.546000e-03
 2.546500e-03
 2.549000e-03
 2.549444e-03
 2.550000e-03
 2.550000e-03
 2.550000e-03
 2.551000e-03
 2.551500e-03
 2.554000e-03
 2.554444e-03
 2.555000e-03
 2.555000e-03
 2.555000e-03
 2.556000e-03
 2.556500e-03
 2.559000e-03
 2.559444e-03
 2.560000e-03
 2.560000e-03
 2.560000e-03
 2.561000e-03
 2.561500e-03
 2.564000e-03
 2.564444e-03
 2.565000e-03
 2.565000e-03
 2.565000e-03
 2.566000e-03
 2.566500e-03
 2.569000e-03
 2.569444e-03
 2.570000e-03
 2.570000e-03
 2.570000e-03
 2.571000e-03
 2.571500e-03
 2.574000e-03
 2.574444e-03
 2.575000e-03
 2.575000e-03
 2.575000e-03
 2.576000e-03
 2.576500e-03
 2.579000e-03
 2.579444e-03
 2.580000e-03
 2.580000e-03
 2.580000e-03
 2.581000e-03
 2.581500e-03
 2.584000e-03
 2.584444e-03
 2.585000e-03
 2.585000e-03
 2.585000e-03
 2.586000e-03
 2.586500e-03
 2.589000e-03
 2.589444e-03
 2.590000e-03
 2.590000e-03
 2.590000e-03
 2.591000e-03
 2.591500e-03
 2.594000e-03
 2.594444e-03
 2.595000e-03
 2.595000e-03
 2.595000e-03
 2.596000e-03
 2.596500e-03
 2.599000e-03
 2.599444e-03
 2.600000e-03
 2.600000e-03
 2.600000e-03
 2.601000e-03
 2.601500e-03
 2.604000e-03
 2.604444e-03
 2.605000e-03
 2.605000e-03
 2.605000e-03
 2.606000e-03
 2.606500e-03
 2.609000e-03
 2.609444e-03
 2.610000e-03
 2.610000e-03
 2.610000e-03
 2.611000e-03
 2.611500e-03
 2.614000e-03
 2.614444e-03
 2.615000e-03
 2.615000e-03
 2.615000e-03
 2.616000e-03
 2.616500e-03
 2.619000e-03
 2.619444e-03
 2.620000e-03
 2.620000e-03
 2.620000e-03
 2.621000e-03
 2.621500e-03
 2.624000e-03
 2.624444e-03
 2.625000e-03
 2.625000e-03
 2.625000e-03
 2.626000e-03
 2.626500e-03
 2.629000e-03
 2.629444e-03
 2.630000e-03
 2.630000e-03
 2.630000e-03
 2.631000e-03
 2.631500e-03
 2.634000e-03
 2.634444e-03
 2.635000e-03
 2.635000e-03
 2.635000e-03
 2.636000e-03
 2.636500e-03
 2.639000e-03
 2.639444e-03
 2.640000e-03
 2.640000e-03
 2.640000e-03
 2.641000e-03
 2.641500e-03
 2.644000e-03
 2.644444e-03
 2.645000e-03
 2.645000e-03
 2.645000e-03
 2.646000e-03
 2.646500e-03
 2.649000e-03
 2.649444e-03
 2.650000e-03
 2.650000e-03
 2.650000e-03
 2.651000e-03
 2.651500e-03
 2.654000e-03
 2.654444e-03
 2.655000e-03
 2.655000e-03
 2.655000e-03
 2.656000e-03
 2.656500e-03
 2.659000e-03
 2.659444e-03
 2.660000e-03
 2.660000e-03
 2.660000e-03
 2.661000e-03
 2.661500e-03
 2.664000e-03
 2.664444e-03
 2.665000e-03
 2.665000e-03
 2.665000e-03
 2.666000e-03
 2.666500e-03
 2.669000e-03
 2.669444e-03
 2.670000e-03
 2.670000e-03
 2.670000e-03
 2.671000e-03
 2.671500e-03
 2.674000e-03
 2.674444e-03
 2.675000e-03
 2.675000e-03
 2.675000e-03
 2.676000e-03
 2.676500e-03
 2.679000e-03
 2.679444e-03
 2.680000e-03
 2.680000e-03
 2.680000e-03
 2.681000e-03
 2.681500e-03
 2.684000e-03
 2.684444e-03
 2.685000e-03
 2.685000e-03
 2.685000e-03
 2.686000e-03
 2.686500e-03
 2.689000e-03
 2.689444e-03
 2.690000e-03
 2.690000e-03
 2.690000e-03
 2.691000e-03
 2.691500e-03
 2.694000e-03
 2.694444e-03
 2.695000e-03
 2.695000e-03
 2.695000e-03
 2.696000e-03
 2.696500e-03
 2.699000e-03
 2.699444e-03
 2.700000e-03
 2.700000e-03
 2.700000e-03
 2.701000e-03
 2.701500e-03
 2.704000e-03
 2.704444e-03
 2.705000e-03
 2.705000e-03
 2.705000e-03
 2.706000e-03
 2.706500e-03
 2.709000e-03
 2.709444e-03
 2.710000e-03
 2.710000e-03
 2.710000e-03
 2.711000e-03
 2.711500e-03
 2.714000e-03
 2.714444e-03
 2.715000e-03
 2.715000e-03
 2.715000e-03
 2.716000e-03
 2.716500e-03
 2.719000e-03
 2.719444e-03
 2.720000e-03
 2.720000e-03
 2.720000e-03
 2.721000e-03
 2.721500e-03
 2.724000e-03
 2.724444e-03
 2.725000e-03
 2.725000e-03
 2.725000e-03
 2.726000e-03
 2.726500e-03
 2.729000e-03
 2.729444e-03
 2.730000e-03
 2.730000e-03
 2.730000e-03
 2.731000e-03
 2.731500e-03
 2.734000e-03
 2.734444e-03
 2.735000e-03
 2.735000e-03
 2.735000e-03
 2.736000e-03
 2.736500e-03
 2.739000e-03
 2.739444e-03
 2.740000e-03
 2.740000e-03
 2.739506e-03
 2.739506e-03
 2.739506e-03
 2.739506e-03
 2.739605e-03
 2.739654e-03
 2.739901e-03
 2.739945e-03
 2.740000e-03
 2.740000e-03
 2.740000e-03
 2.740099e-03
 2.740148e-03
 2.740395e-03
 2.740439e-03
 2.740494e-03
 2.740494e-03
 2.740494e-03
 2.740692e-03
 2.740791e-03
 2.741285e-03
 2.741373e-03
 2.741483e-03
 2.741483e-03
 2.741483e-03
 2.741879e-03
 2.742076e-03
 2.743065e-03
 2.743241e-03
 2.743460e-03
 2.743460e-03
 2.743460e-03
 2.743768e-03
 2.743922e-03
 2.744692e-03
 2.744829e-03
 2.745000e-03
 2.745000e-03
 2.745000e-03
 2.746000e-03
 2.746500e-03
 2.749000e-03
 2.749444e-03
 2.750000e-03
 2.750000e-03
 2.750000e-03
 2.751000e-03
 2.751500e-03
 2.754000e-03
 2.754444e-03
 2.755000e-03
 2.755000e-03
 2.755000e-03
 2.756000e-03
 2.756500e-03
 2.759000e-03
 2.759444e-03
 2.760000e-03
 2.760000e-03
 2.760000e-03
 2.761000e-03
 2.761500e-03
 2.764000e-03
 2.764444e-03
 2.765000e-03
 2.765000e-03
 2.765000e-03
 2.766000e-03
 2.766500e-03
 2.769000e-03
 2.769444e-03
 2.770000e-03
 2.770000e-03
 2.770000e-03
 2.771000e-03
 2.771500e-03
 2.774000e-03
 2.774444e-03
 2.775000e-03
 2.775000e-03
 2.775000e-03
 2.776000e-03
 2.776500e-03
 2.779000e-03
 2.779444e-03
 2.780000e-03
 2.780000e-03
 2.780000e-03
 2.781000e-03
 2.781500e-03
 2.784000e-03
 2.784444e-03
 2.785000e-03
 2.785000e-03
 2.785000e-03
 2.786000e-03
 2.786500e-03
 2.789000e-03
 2.789444e-03
 2.790000e-03
 2.790000e-03
 2.790000e-03
 2.791000e-03
 2.791500e-03
 2.794000e-03
 2.794444e-03
 2.795000e-03
 2.795000e-03
 2.795000e-03
 2.796000e-03
 2.796500e-03
 2.799000e-03
 2.799444e-03
 2.800000e-03
 2.800000e-03
 2.800000e-03
 2.801000e-03
 2.801500e-03
 2.804000e-03
 2.804444e-03
 2.805000e-03
 2.805000e-03
 2.805000e-03
 2.806000e-03
 2.806500e-03
 2.809000e-03
 2.809444e-03
 2.810000e-03
 2.810000e-03
 2.810000e-03
 2.811000e-03
 2.811500e-03
 2.814000e-03
 2.814444e-03
 2.815000e-03
 2.815000e-03
 2.815000e-03
 2.816000e-03
 2.816500e-03
 2.819000e-03
 2.819444e-03
 2.820000e-03
 2.820000e-03
 2.820000e-03
 2.821000e-03
 2.821500e-03
 2.824000e-03
 2.824444e-03
 2.825000e-03
 2.825000e-03
 2.825000e-03
 2.826000e-03
 2.826500e-03
 2.829000e-03
 2.829444e-03
 2.830000e-03
 2.830000e-03
 2.830000e-03
 2.831000e-03
 2.831500e-03
 2.834000e-03
 2.834444e-03
 2.835000e-03
 2.835000e-03
 2.835000e-03
 2.836000e-03
 2.836500e-03
 2.839000e-03
 2.839444e-03
 2.840000e-03
 2.840000e-03
 2.840000e-03
 2.841000e-03
 2.841500e-03
 2.844000e-03
 2.844444e-03
 2.845000e-03
 2.845000e-03
 2.845000e-03
 2.846000e-03
 2.846500e-03
 2.849000e-03
 2.849444e-03
 2.850000e-03
 2.850000e-03
 2.850000e-03
 2.851000e-03
 2.851500e-03
 2.854000e-03
 2.854444e-03
 2.855000e-03
 2.855000e-03
 2.855000e-03
 2.856000e-03
 2.856500e-03
 2.859000e-03
 2.859444e-03
 2.860000e-03
 2.860000e-03
 2.860000e-03
 2.861000e-03
 2.861500e-03
 2.864000e-03
 2.864444e-03
 2.865000e-03
 2.865000e-03
 2.865000e-03
 2.866000e-03
 2.866500e-03
 2.869000e-03
 2.869444e-03
 2.870000e-03
 2.870000e-03
 2.870000e-03
 2.871000e-03
 2.871500e-03
 2.874000e-03
 2.874444e-03
 2.875000e-03
 2.875000e-03
 2.875000e-03
 2.876000e-03
 2.876500e-03
 2.879000e-03
 2.879444e-03
 2.880000e-03
 2.880000e-03
 2.880000e-03
 2.881000e-03
 2.881500e-03
 2.884000e-03
 2.884444e-03
 2.885000e-03
 2.885000e-03
 2.885000e-03
 2.886000e-03
 2.886500e-03
 2.889000e-03
 2.889444e-03
 2.890000e-03
 2.890000e-03
 2.890000e-03
 2.891000e-03
 2.891500e-03
 2.894000e-03
 2.894444e-03
 2.895000e-03
 2.895000e-03
 2.895000e-03
 2.896000e-03
 2.896500e-03
 2.899000e-03
 2.899444e-03
 2.900000e-03
 2.900000e-03
 2.900000e-03
 2.901000e-03
 2.901500e-03
 2.904000e-03
 2.904444e-03
 2.905000e-03
 2.905000e-03
 2.905000e-03
 2.906000e-03
 2.906500e-03
 2.909000e-03
 2.909444e-03
 2.910000e-03
 2.910000e-03
 2.910000e-03
 2.911000e-03
 2.911500e-03
 2.914000e-03
 2.914444e-03
 2.915000e-03
 2.915000e-03
 2.915000e-03
 2.916000e-03
 2.916500e-03
 2.919000e-03
 2.919444e-03
 2.920000e-03
 2.920000e-03
 2.920000e-03
 2.921000e-03
 2.921500e-03
 2.924000e-03
 2.924444e-03
 2.925000e-03
 2.925000e-03
 2.925000e-03
 2.926000e-03
 2.926500e-03
 2.929000e-03
 2.929444e-03
 2.930000e-03
 2.930000e-03
 2.930000e-03
 2.931000e-03
 2.931500e-03
 2.934000e-03
 2.934444e-03
 2.935000e-03
 2.935000e-03
 2.935000e-03
 2.936000e-03
 2.936500e-03
 2.939000e-03
 2.939444e-03
 2.940000e-03
 2.940000e-03
 2.940000e-03
 2.941000e-03
 2.941500e-03
 2.944000e-03
 2.944444e-03
 2.945000e-03
 2.945000e-03
 2.945000e-03
 2.946000e-03
 2.946500e-03
 2.949000e-03
 2.949444e-03
 2.950000e-03
 2.950000e-03
 2.950000e-03
 2.951000e-03
 2.951500e-03
 2.954000e-03
 2.954444e-03
 2.955000e-03
 2.955000e-03
 2.955000e-03
 2.956000e-03
 2.956500e-03
 2.959000e-03
 2.959444e-03
 2.960000e-03
 2.960000e-03
 2.960000e-03
 2.961000e-03
 2.961500e-03
 2.964000e-03
 2.964444e-03
 2.965000e-03
 2.965000e-03
 2.965000e-03
 2.966000e-03
 2.966500e-03
 2.969000e-03
 2.969444e-03
 2.970000e-03
 2.970000e-03
 2.970000e-03
 2.971000e-03
 2.971500e-03
 2.974000e-03
 2.974444e-03
 2.975000e-03
 2.975000e-03
 2.975000e-03
 2.976000e-03
 2.976500e-03
 2.979000e-03
 2.979444e-03
 2.980000e-03
 2.980000e-03
 2.980000e-03
 2.981000e-03
 2.981500e-03
 2.984000e-03
 2.984444e-03
 2.985000e-03
 2.985000e-03
 2.985000e-03
 2.986000e-03
 2.986500e-03
 2.989000e-03
 2.989444e-03
 2.990000e-03
 2.990000e-03
 2.990000e-03
 2.991000e-03
 2.991500e-03
 2.994000e-03
 2.994444e-03
 2.995000e-03
 2.995000e-03
 2.995000e-03
 2.996000e-03
 2.996500e-03
 2.999000e-03
 2.999444e-03
 3.000000e-03
 3.000000e-03
 3.000000e-03
 3.001000e-03
 3.001500e-03
 3.004000e-03
 3.004444e-03
 3.005000e-03
 3.005000e-03
 3.005000e-03
 3.006000e-03
 3.006500e-03
 3.009000e-03
 3.009444e-03
 3.010000e-03
 3.010000e-03
 3.010000e-03
 3.011000e-03
 3.011500e-03
 3.014000e-03
 3.014444e-03
 3.015000e-03
 3.015000e-03
 3.015000e-03
 3.016000e-03
 3.016500e-03
 3.019000e-03
 3.019444e-03
 3.020000e-03
 3.020000e-03
 3.020000e-03
 3.021000e-03
 3.021500e-03
 3.024000e-03
 3.024444e-03
 3.025000e-03
 3.025000e-03
 3.025000e-03
 3.026000e-03
 3.026500e-03
 3.029000e-03
 3.029444e-03
 3.030000e-03
 3.030000e-03
 3.030000e-03
 3.031000e-03
 3.031500e-03
 3.034000e-03
 3.034444e-03
 3.035000e-03
 3.035000e-03
 3.035000e-03
 3.036000e-03
 3.036500e-03
 3.039000e-03
 3.039444e-03
 3.040000e-03
 3.040000e-03
 3.040000e-03
 3.041000e-03
 3.041500e-03
 3.044000e-03
 3.044444e-03
 3.045000e-03
 3.045000e-03
 3.045000e-03
 3.046000e-03
 3.046500e-03
 3.049000e-03
 3.049444e-03
 3.050000e-03
 3.050000e-03
 3.050000e-03
 3.051000e-03
 3.051500e-03
 3.054000e-03
 3.054444e-03
 3.055000e-03
 3.055000e-03
 3.055000e-03
 3.056000e-03
 3.056500e-03
 3.059000e-03
 3.059444e-03
 3.060000e-03
 3.060000e-03
 3.060000e-03
 3.061000e-03
 3.061500e-03
 3.064000e-03
 3.064444e-03
 3.065000e-03
 3.065000e-03
 3.065000e-03
 3.066000e-03
 3.066500e-03
 3.069000e-03
 3.069444e-03
 3.070000e-03
 3.070000e-03
 3.070000e-03
 3.071000e-03
 3.071500e-03
 3.074000e-03
 3.074444e-03
 3.075000e-03
 3.075000e-03
 3.075000e-03
 3.076000e-03
 3.076500e-03
 3.079000e-03
 3.079444e-03
 3.080000e-03
 3.080000e-03
 3.080000e-03
 3.081000e-03
 3.081500e-03
 3.084000e-03
 3.084444e-03
 3.085000e-03
 3.085000e-03
 3.085000e-03
 3.086000e-03
 3.086500e-03
 3.089000e-03
 3.089444e-03
 3.090000e-03
 3.090000e-03
 3.090000e-03
 3.091000e-03
 3.091500e-03
 3.094000e-03
 3.094444e-03
 3.095000e-03
 3.095000e-03
 3.095000e-03
 3.096000e-03
 3.096500e-03
 3.099000e-03
 3.099444e-03
 3.100000e-03
 3.100000e-03
 3.100000e-03
 3.101000e-03
 3.101500e-03
 3.104000e-03
 3.104444e-03
 3.105000e-03
 3.105000e-03
 3.105000e-03
 3.106000e-03
 3.106500e-03
 3.109000e-03
 3.109444e-03
 3.110000e-03
 3.110000e-03
 3.110000e-03
 3.111000e-03
 3.111500e-03
 3.114000e-03
 3.114444e-03
 3.115000e-03
 3.115000e-03
 3.115000e-03
 3.116000e-03
 3.116500e-03
 3.119000e-03
 3.119444e-03
 3.120000e-03
 3.120000e-03
 3.120000e-03
 3.121000e-03
 3.121500e-03
 3.124000e-03
 3.124444e-03
 3.125000e-03
 3.125000e-03
 3.125000e-03
 3.126000e-03
 3.126500e-03
 3.129000e-03
 3.129444e-03
 3.130000e-03
 3.130000e-03
 3.130000e-03
 3.131000e-03
 3.131500e-03
 3.134000e-03
 3.134444e-03
 3.135000e-03
 3.135000e-03
 3.135000e-03
 3.136000e-03
 3.136500e-03
 3.139000e-03
 3.139444e-03
 3.140000e-03
 3.140000e-03
 3.140000e-03
 3.141000e-03
 3.141500e-03
 3.144000e-03
 3.144444e-03
 3.145000e-03
 3.145000e-03
 3.145000e-03
 3.146000e-03
 3.146500e-03
 3.149000e-03
 3.149444e-03
 3.150000e-03
 3.150000e-03
 3.150000e-03
 3.151000e-03
 3.151500e-03
 3.154000e-03
 3.154444e-03
 3.155000e-03
 3.155000e-03
 3.155000e-03
 3.156000e-03
 3.156500e-03
 3.159000e-03
 3.159444e-03
 3.160000e-03
 3.160000e-03
 3.160000e-03
 3.161000e-03
 3.161500e-03
 3.164000e-03
 3.164444e-03
 3.165000e-03
 3.165000e-03
 3.165000e-03
 3.166000e-03
 3.166500e-03
 3.169000e-03
 3.169444e-03
 3.170000e-03
 3.170000e-03
 3.170000e-03
 3.171000e-03
 3.171500e-03
 3.174000e-03
 3.174444e-03
 3.175000e-03
 3.175000e-03
 3.175000e-03
 3.176000e-03
 3.176500e-03
 3.179000e-03
 3.179444e-03
 3.180000e-03
 3.180000e-03
 3.180000e-03
 3.181000e-03
 3.181500e-03
 3.184000e-03
 3.184444e-03
 3.185000e-03
 3.185000e-03
 3.185000e-03
 3.186000e-03
 3.186500e-03
 3.189000e-03
 3.189444e-03
 3.190000e-03
 3.190000e-03
 3.190000e-03
 3.191000e-03
 3.191500e-03
 3.194000e-03
 3.194444e-03
 3.195000e-03
 3.195000e-03
 3.195000e-03
 3.196000e-03
 3.196500e-03
 3.199000e-03
 3.199444e-03
 3.200000e-03
 3.200000e-03
 3.200000e-03
 3.201000e-03
 3.201500e-03
 3.204000e-03
 3.204444e-03
 3.205000e-03
 3.205000e-03
 3.205000e-03
 3.206000e-03
 3.206500e-03
 3.209000e-03
 3.209444e-03
 3.210000e-03
 3.210000e-03
 3.210000e-03
 3.211000e-03
 3.211500e-03
 3.214000e-03
 3.214444e-03
 3.215000e-03
 3.215000e-03
 3.215000e-03
 3.216000e-03
 3.216500e-03
 3.219000e-03
 3.219444e-03
 3.220000e-03
 3.220000e-03
 3.220000e-03
 3.221000e-03
 3.221500e-03
 3.224000e-03
 3.224444e-03
 3.225000e-03
 3.225000e-03
 3.225000e-03
 3.226000e-03
 3.226500e-03
 3.229000e-03
 3.229444e-03
 3.230000e-03
 3.230000e-03
 3.230000e-03
 3.231000e-03
 3.231500e-03
 3.234000e-03
 3.234444e-03
 3.235000e-03
 3.235000e-03
 3.235000e-03
 3.236000e-03
 3.236500e-03
 3.239000e-03
 3.239444e-03
 3.240000e-03
 3.240000e-03
 3.240000e-03
 3.241000e-03
 3.241500e-03
 3.244000e-03
 3.244444e-03
 3.245000e-03
 3.245000e-03
 3.245000e-03
 3.246000e-03
 3.246500e-03
 3.249000e-03
 3.249444e-03
 3.250000e-03
 3.250000e-03
 3.250000e-03
 3.251000e-03
 3.251500e-03
 3.254000e-03
 3.254444e-03
 3.255000e-03
 3.255000e-03
 3.255000e-03
 3.256000e-03
 3.256500e-03
 3.259000e-03
 3.259444e-03
 3.260000e-03
 3.260000e-03
 3.260000e-03
 3.261000e-03
 3.261500e-03
 3.264000e-03
 3.264444e-03
 3.265000e-03
 3.265000e-03
 3.265000e-03
 3.266000e-03
 3.266500e-03
 3.269000e-03
 3.269444e-03
 3.270000e-03
 3.270000e-03
 3.270000e-03
 3.271000e-03
 3.271500e-03
 3.274000e-03
 3.274444e-03
 3.275000e-03
 3.275000e-03
 3.275000e-03
 3.276000e-03
 3.276500e-03
 3.279000e-03
 3.279444e-03
 3.280000e-03
 3.280000e-03
 3.280000e-03
 3.281000e-03
 3.281500e-03
 3.284000e-03
 3.284444e-03
 3.285000e-03
 3.285000e-03
 3.285000e-03
 3.286000e-03
 3.286500e-03
 3.289000e-03
 3.289444e-03
 3.290000e-03
 3.290000e-03
 3.290000e-03
 3.291000e-03
 3.291500e-03
 3.294000e-03
 3.294444e-03
 3.295000e-03
 3.295000e-03
 3.295000e-03
 3.296000e-03
 3.296500e-03
 3.299000e-03
 3.299444e-03
 3.300000e-03
 3.300000e-03
 3.300000e-03
 3.301000e-03
 3.301500e-03
 3.304000e-03
 3.304444e-03
 3.305000e-03
 3.305000e-03
 3.305000e-03
 3.306000e-03
 3.306500e-03
 3.309000e-03
 3.309444e-03
 3.310000e-03
 3.310000e-03
 3.310000e-03
 3.311000e-03
 3.311500e-03
 3.314000e-03
 3.314444e-03
 3.315000e-03
 3.315000e-03
 3.315000e-03
 3.316000e-03
 3.316500e-03
 3.319000e-03
 3.319444e-03
 3.320000e-03
 3.320000e-03
 3.320000e-03
 3.321000e-03
 3.321500e-03
 3.324000e-03
 3.324444e-03
 3.325000e-03
 3.325000e-03
 3.325000e-03
 3.326000e-03
 3.326500e-03
 3.329000e-03
 3.329444e-03
 3.330000e-03
 3.330000e-03
 3.330000e-03
 3.331000e-03
 3.331500e-03
 3.334000e-03
 3.334444e-03
 3.335000e-03
 3.335000e-03
 3.335000e-03
 3.336000e-03
 3.336500e-03
 3.339000e-03
 3.339444e-03
 3.340000e-03
 3.340000e-03
 3.340000e-03
 3.341000e-03
 3.341500e-03
 3.344000e-03
 3.344444e-03
 3.345000e-03
 3.345000e-03
 3.345000e-03
 3.346000e-03
 3.346500e-03
 3.349000e-03
 3.349444e-03
 3.350000e-03
 3.350000e-03
 3.350000e-03
 3.351000e-03
 3.351500e-03
 3.354000e-03
 3.354444e-03
 3.355000e-03
 3.355000e-03
 3.355000e-03
 3.356000e-03
 3.356500e-03
 3.359000e-03
 3.359444e-03
 3.360000e-03
 3.360000e-03
 3.360000e-03
 3.361000e-03
 3.361500e-03
 3.364000e-03
 3.364444e-03
 3.365000e-03
 3.365000e-03
 3.365000e-03
 3.366000e-03
 3.366500e-03
 3.369000e-03
 3.369444e-03
 3.370000e-03
 3.370000e-03
 3.370000e-03
 3.371000e-03
 3.371500e-03
 3.374000e-03
 3.374444e-03
 3.375000e-03
 3.375000e-03
 3.375000e-03
 3.376000e-03
 3.376500e-03
 3.379000e-03
 3.379444e-03
 3.380000e-03
 3.380000e-03
 3.380000e-03
 3.381000e-03
 3.381500e-03
 3.384000e-03
 3.384444e-03
 3.385000e-03
 3.385000e-03
 3.385000e-03
 3.386000e-03
 3.386500e-03
 3.389000e-03
 3.389444e-03
 3.390000e-03
 3.390000e-03
 3.390000e-03
 3.391000e-03
 3.391500e-03
 3.394000e-03
 3.394444e-03
 3.395000e-03
 3.395000e-03
 3.395000e-03
 3.396000e-03
 3.396500e-03
 3.399000e-03
 3.399444e-03
 3.400000e-03
 3.400000e-03
 3.400000e-03
 3.401000e-03
 3.401500e-03
 3.404000e-03
 3.404444e-03
 3.405000e-03
 3.405000e-03
 3.405000e-03
 3.406000e-03
 3.406500e-03
 3.409000e-03
 3.409444e-03
 3.410000e-03
 3.410000e-03
 3.410000e-03
 3.411000e-03
 3.411500e-03
 3.414000e-03
 3.414444e-03
 3.415000e-03
 3.415000e-03
 3.415000e-03
 3.416000e-03
 3.416500e-03
 3.419000e-03
 3.419444e-03
 3.420000e-03
 3.420000e-03
 3.420000e-03
 3.421000e-03
 3.421500e-03
 3.424000e-03
 3.424444e-03
 3.425000e-03
 3.425000e-03
 3.425000e-03
 3.426000e-03
 3.426500e-03
 3.429000e-03
 3.429444e-03
 3.430000e-03
 3.430000e-03
 3.430000e-03
 3.431000e-03
 3.431500e-03
 3.434000e-03
 3.434444e-03
 3.435000e-03
 3.435000e-03
 3.435000e-03
 3.436000e-03
 3.436500e-03
 3.439000e-03
 3.439444e-03
 3.440000e-03
 3.440000e-03
 3.440000e-03
 3.441000e-03
 3.441500e-03
 3.444000e-03
 3.444444e-03
 3.445000e-03
 3.445000e-03
 3.445000e-03
 3.446000e-03
 3.446500e-03
 3.449000e-03
 3.449444e-03
 3.450000e-03
 3.450000e-03
 3.450000e-03
 3.451000e-03
 3.451500e-03
 3.454000e-03
 3.454444e-03
 3.455000e-03
 3.455000e-03
 3.455000e-03
 3.456000e-03
 3.456500e-03
 3.459000e-03
 3.459444e-03
 3.460000e-03
 3.460000e-03
 3.460000e-03
 3.461000e-03
 3.461500e-03
 3.464000e-03
 3.464444e-03
 3.465000e-03
 3.465000e-03
 3.465000e-03
 3.466000e-03
 3.466500e-03
 3.469000e-03
 3.469444e-03
 3.470000e-03
 3.470000e-03
 3.470000e-03
 3.471000e-03
 3.471500e-03
 3.474000e-03
 3.474444e-03
 3.475000e-03
 3.475000e-03
 3.475000e-03
 3.476000e-03
 3.476500e-03
 3.479000e-03
 3.479444e-03
 3.480000e-03
 3.480000e-03
 3.480000e-03
 3.481000e-03
 3.481500e-03
 3.484000e-03
 3.484444e-03
 3.485000e-03
 3.485000e-03
 3.485000e-03
 3.486000e-03
 3.486500e-03
 3.489000e-03
 3.489444e-03
 3.490000e-03
 3.490000e-03
 3.490000e-03
 3.491000e-03
 3.491500e-03
 3.494000e-03
 3.494444e-03
 3.495000e-03
 3.495000e-03
 3.495000e-03
 3.496000e-03
 3.496500e-03
 3.499000e-03
 3.499444e-03
 3.500000e-03
 3.500000e-03
 3.500000e-03
 3.501000e-03
 3.501500e-03
 3.504000e-03
 3.504444e-03
 3.505000e-03
 3.505000e-03
 3.505000e-03
 3.506000e-03
 3.506500e-03
 3.509000e-03
 3.509444e-03
 3.510000e-03
 3.510000e-03
 3.510000e-03
 3.511000e-03
 3.511500e-03
 3.514000e-03
 3.514444e-03
 3.515000e-03
 3.515000e-03
 3.515000e-03
 3.516000e-03
 3.516500e-03
 3.519000e-03
 3.519444e-03
 3.520000e-03
 3.520000e-03
 3.520000e-03
 3.521000e-03
 3.521500e-03
 3.524000e-03
 3.524444e-03
 3.525000e-03
 3.525000e-03
 3.525000e-03
 3.526000e-03
 3.526500e-03
 3.529000e-03
 3.529444e-03
 3.530000e-03
 3.530000e-03
 3.530000e-03
 3.531000e-03
 3.531500e-03
 3.534000e-03
 3.534444e-03
 3.535000e-03
 3.535000e-03
 3.535000e-03
 3.536000e-03
 3.536500e-03
 3.539000e-03
 3.539444e-03
 3.540000e-03
 3.540000e-03
 3.540000e-03
 3.541000e-03
 3.541500e-03
 3.544000e-03
 3.544444e-03
 3.545000e-03
 3.545000e-03
 3.545000e-03
 3.546000e-03
 3.546500e-03
 3.549000e-03
 3.549444e-03
 3.550000e-03
 3.550000e-03
 3.550000e-03
 3.551000e-03
 3.551500e-03
 3.554000e-03
 3.554444e-03
 3.555000e-03
 3.555000e-03
 3.555000e-03
 3.556000e-03
 3.556500e-03
 3.559000e-03
 3.559444e-03
 3.560000e-03
 3.560000e-03
 3.560000e-03
 3.561000e-03
 3.561500e-03
 3.564000e-03
 3.564444e-03
 3.565000e-03
 3.565000e-03
 3.565000e-03
 3.566000e-03
 3.566500e-03
 3.569000e-03
 3.569444e-03
 3.570000e-03
 3.570000e-03
 3.570000e-03
 3.571000e-03
 3.571500e-03
 3.574000e-03
 3.574444e-03
 3.575000e-03
 3.575000e-03
 3.575000e-03
 3.576000e-03
 3.576500e-03
 3.579000e-03
 3.579444e-03
 3.580000e-03
 3.580000e-03
 3.580000e-03
 3.581000e-03
 3.581500e-03
 3.584000e-03
 3.584444e-03
 3.585000e-03
 3.585000e-03
 3.585000e-03
 3.586000e-03
 3.586500e-03
 3.589000e-03
 3.589444e-03
 3.590000e-03
 3.590000e-03
 3.590000e-03
 3.591000e-03
 3.591500e-03
 3.594000e-03
 3.594444e-03
 3.595000e-03
 3.595000e-03
 3.595000e-03
 3.596000e-03
 3.596500e-03
 3.599000e-03
 3.599444e-03
 3.600000e-03
 3.600000e-03
 3.600000e-03
 3.601000e-03
 3.601500e-03
 3.604000e-03
 3.604444e-03
 3.605000e-03
 3.605000e-03
 3.605000e-03
 3.606000e-03
 3.606500e-03
 3.609000e-03
 3.609444e-03
 3.610000e-03
 3.610000e-03
 3.610000e-03
 3.611000e-03
 3.611500e-03
 3.614000e-03
 3.614444e-03
 3.615000e-03
 3.615000e-03
 3.615000e-03
 3.616000e-03
 3.616500e-03
 3.619000e-03
 3.619444e-03
 3.620000e-03
 3.620000e-03
 3.620000e-03
 3.621000e-03
 3.621500e-03
 3.624000e-03
 3.624444e-03
 3.625000e-03
 3.625000e-03
 3.625000e-03
 3.626000e-03
 3.626500e-03
 3.629000e-03
 3.629444e-03
 3.630000e-03
 3.630000e-03
 3.630000e-03
 3.631000e-03
 3.631500e-03
 3.634000e-03
 3.634444e-03
 3.635000e-03
 3.635000e-03
 3.635000e-03
 3.636000e-03
 3.636500e-03
 3.639000e-03
 3.639444e-03
 3.640000e-03
 3.640000e-03
 3.640000e-03
 3.641000e-03
 3.641500e-03
 3.644000e-03
 3.644444e-03
 3.645000e-03
 3.645000e-03
 3.645000e-03
 3.646000e-03
 3.646500e-03
 3.649000e-03
 3.649444e-03
 3.650000e-03
 3.650000e-03
 3.650000e-03
 3.651000e-03
 3.651500e-03
 3.654000e-03
 3.654444e-03
 3.655000e-03
 3.655000e-03
 3.655000e-03
 3.656000e-03
 3.656500e-03
 3.659000e-03
 3.659444e-03
 3.660000e-03
 3.660000e-03
 3.660000e-03
 3.661000e-03
 3.661500e-03
 3.664000e-03
 3.664444e-03
 3.665000e-03
 3.665000e-03
 3.665000e-03
 3.666000e-03
 3.666500e-03
 3.669000e-03
 3.669444e-03
 3.670000e-03
 3.670000e-03
 3.670000e-03
 3.671000e-03
 3.671500e-03
 3.674000e-03
 3.674444e-03
 3.675000e-03
 3.675000e-03
 3.675000e-03
 3.676000e-03
 3.676500e-03
 3.679000e-03
 3.679444e-03
 3.680000e-03
 3.680000e-03
 3.680000e-03
 3.681000e-03
 3.681500e-03
 3.684000e-03
 3.684444e-03
 3.685000e-03
 3.685000e-03
 3.685000e-03
 3.686000e-03
 3.686500e-03
 3.689000e-03
 3.689444e-03
 3.690000e-03
 3.690000e-03
 3.690000e-03
 3.691000e-03
 3.691500e-03
 3.694000e-03
 3.694444e-03
 3.695000e-03
 3.695000e-03
 3.695000e-03
 3.696000e-03
 3.696500e-03
 3.699000e-03
 3.699444e-03
 3.700000e-03
 3.700000e-03
 3.700000e-03
 3.701000e-03
 3.701500e-03
 3.704000e-03
 3.704444e-03
 3.705000e-03
 3.705000e-03
 3.705000e-03
 3.706000e-03
 3.706500e-03
 3.709000e-03
 3.709444e-03
 3.710000e-03
 3.710000e-03
 3.710000e-03
 3.711000e-03
 3.711500e-03
 3.714000e-03
 3.714444e-03
 3.715000e-03
 3.715000e-03
 3.715000e-03
 3.716000e-03
 3.716500e-03
 3.719000e-03
 3.719444e-03
 3.720000e-03
 3.720000e-03
 3.720000e-03
 3.721000e-03
 3.721500e-03
 3.724000e-03
 3.724444e-03
 3.725000e-03
 3.725000e-03
 3.725000e-03
 3.726000e-03
 3.726500e-03
 3.729000e-03
 3.729444e-03
 3.730000e-03
 3.730000e-03
 3.730000e-03
 3.731000e-03
 3.731500e-03
 3.734000e-03
 3.734444e-03
 3.735000e-03
 3.735000e-03
 3.735000e-03
 3.736000e-03
 3.736500e-03
 3.739000e-03
 3.739444e-03
 3.740000e-03
 3.740000e-03
 3.740000e-03
 3.741000e-03
 3.741500e-03
 3.744000e-03
 3.744444e-03
 3.745000e-03
 3.745000e-03
 3.745000e-03
 3.746000e-03
 3.746500e-03
 3.749000e-03
 3.749444e-03
 3.750000e-03
 3.750000e-03
 3.750000e-03
 3.751000e-03
 3.751500e-03
 3.754000e-03
 3.754444e-03
 3.755000e-03
 3.755000e-03
 3.755000e-03
 3.756000e-03
 3.756500e-03
 3.759000e-03
 3.759444e-03
 3.760000e-03
 3.760000e-03
 3.760000e-03
 3.761000e-03
 3.761500e-03
 3.764000e-03
 3.764444e-03
 3.765000e-03
 3.765000e-03
 3.765000e-03
 3.766000e-03
 3.766500e-03
 3.769000e-03
 3.769444e-03
 3.770000e-03
 3.770000e-03
 3.770000e-03
 3.771000e-03
 3.771500e-03
 3.774000e-03
 3.774444e-03
 3.775000e-03
 3.775000e-03
 3.775000e-03
 3.776000e-03
 3.776500e-03
 3.779000e-03
 3.779444e-03
 3.780000e-03
 3.780000e-03
 3.780000e-03
 3.781000e-03
 3.781500e-03
 3.784000e-03
 3.784444e-03
 3.785000e-03
 3.785000e-03
 3.785000e-03
 3.786000e-03
 3.786500e-03
 3.789000e-03
 3.789444e-03
 3.790000e-03
 3.790000e-03
 3.790000e-03
 3.791000e-03
 3.791500e-03
 3.794000e-03
 3.794444e-03
 3.795000e-03
 3.795000e-03
 3.795000e-03
 3.796000e-03
 3.796500e-03
 3.799000e-03
 3.799444e-03
 3.800000e-03
 3.800000e-03
 3.800000e-03
 3.801000e-03
 3.801500e-03
 3.804000e-03
 3.804444e-03
 3.805000e-03
 3.805000e-03
 3.805000e-03
 3.806000e-03
 3.806500e-03
 3.809000e-03
 3.809444e-03
 3.810000e-03
 3.810000e-03
 3.810000e-03
 3.811000e-03
 3.811500e-03
 3.814000e-03
 3.814444e-03
 3.815000e-03
 3.815000e-03
 3.815000e-03
 3.816000e-03
 3.816500e-03
 3.819000e-03
 3.819444e-03
 3.820000e-03
 3.820000e-03
 3.820000e-03
 3.821000e-03
 3.821500e-03
 3.824000e-03
 3.824444e-03
 3.825000e-03
 3.825000e-03
 3.825000e-03
 3.826000e-03
 3.826500e-03
 3.829000e-03
 3.829444e-03
 3.830000e-03
 3.830000e-03
 3.830000e-03
 3.831000e-03
 3.831500e-03
 3.834000e-03
 3.834444e-03
 3.835000e-03
 3.835000e-03
 3.835000e-03
 3.836000e-03
 3.836500e-03
 3.839000e-03
 3.839444e-03
 3.840000e-03
 3.840000e-03
 3.840000e-03
 3.841000e-03
 3.841500e-03
 3.844000e-03
 3.844444e-03
 3.845000e-03
 3.845000e-03
 3.845000e-03
 3.846000e-03
 3.846500e-03
 3.849000e-03
 3.849444e-03
 3.850000e-03
 3.850000e-03
 3.850000e-03
 3.851000e-03
 3.851500e-03
 3.854000e-03
 3.854444e-03
 3.855000e-03
 3.855000e-03
 3.855000e-03
 3.856000e-03
 3.856500e-03
 3.859000e-03
 3.859444e-03
 3.860000e-03
 3.860000e-03
 3.860000e-03
 3.861000e-03
 3.861500e-03
 3.864000e-03
 3.864444e-03
 3.865000e-03
 3.865000e-03
 3.865000e-03
 3.866000e-03
 3.866500e-03
 3.869000e-03
 3.869444e-03
 3.870000e-03
 3.870000e-03
 3.870000e-03
 3.871000e-03
 3.871500e-03
 3.874000e-03
 3.874444e-03
 3.875000e-03
 3.875000e-03
 3.875000e-03
 3.876000e-03
 3.876500e-03
 3.879000e-03
 3.879444e-03
 3.880000e-03
 3.880000e-03
 3.880000e-03
 3.881000e-03
 3.881500e-03
 3.884000e-03
 3.884444e-03
 3.885000e-03
 3.885000e-03
 3.885000e-03
 3.886000e-03
 3.886500e-03
 3.889000e-03
 3.889444e-03
 3.890000e-03
 3.890000e-03
 3.890000e-03
 3.891000e-03
 3.891500e-03
 3.894000e-03
 3.894444e-03
 3.895000e-03
 3.895000e-03
 3.895000e-03
 3.896000e-03
 3.896500e-03
 3.899000e-03
 3.899444e-03
 3.900000e-03
 3.900000e-03
 3.900000e-03
 3.901000e-03
 3.901500e-03
 3.904000e-03
 3.904444e-03
 3.905000e-03
 3.905000e-03
 3.905000e-03
 3.906000e-03
 3.906500e-03
 3.909000e-03
 3.909444e-03
 3.910000e-03
 3.910000e-03
 3.910000e-03
 3.911000e-03
 3.911500e-03
 3.914000e-03
 3.914444e-03
 3.915000e-03
 3.915000e-03
 3.915000e-03
 3.916000e-03
 3.916500e-03
 3.919000e-03
 3.919444e-03
 3.920000e-03
 3.920000e-03
 3.920000e-03
 3.921000e-03
 3.921500e-03
 3.924000e-03
 3.924444e-03
 3.925000e-03
 3.925000e-03
 3.925000e-03
 3.926000e-03
 3.926500e-03
 3.929000e-03
 3.929444e-03
 3.930000e-03
 3.930000e-03
 3.930000e-03
 3.931000e-03
 3.931500e-03
 3.934000e-03
 3.934444e-03
 3.935000e-03
 3.935000e-03
 3.935000e-03
 3.936000e-03
 3.936500e-03
 3.939000e-03
 3.939444e-03
 3.940000e-03
 3.940000e-03
 3.940000e-03
 3.941000e-03
 3.941500e-03
 3.944000e-03
 3.944444e-03
 3.945000e-03
 3.945000e-03
 3.945000e-03
 3.946000e-03
 3.946500e-03
 3.949000e-03
 3.949444e-03
 3.950000e-03
 3.950000e-03
 3.950000e-03
 3.951000e-03
 3.951500e-03
 3.954000e-03
 3.954444e-03
 3.955000e-03
 3.955000e-03
 3.955000e-03
 3.956000e-03
 3.956500e-03
 3.959000e-03
 3.959444e-03
 3.960000e-03
 3.960000e-03
 3.960000e-03
 3.961000e-03
 3.961500e-03
 3.964000e-03
 3.964444e-03
 3.965000e-03
 3.965000e-03
 3.965000e-03
 3.966000e-03
 3.966500e-03
 3.969000e-03
 3.969444e-03
 3.970000e-03
 3.970000e-03
 3.970000e-03
 3.971000e-03
 3.971500e-03
 3.974000e-03
 3.974444e-03
 3.975000e-03
 3.975000e-03
 3.975000e-03
 3.976000e-03
 3.976500e-03
 3.979000e-03
 3.979444e-03
 3.980000e-03
 3.980000e-03
 3.980000e-03
 3.981000e-03
 3.981500e-03
 3.984000e-03
 3.984444e-03
 3.985000e-03
 3.985000e-03
 3.985000e-03
 3.986000e-03
 3.986500e-03
 3.989000e-03
 3.989444e-03
 3.990000e-03
 3.990000e-03
 3.990000e-03
 3.991000e-03
 3.991500e-03
 3.994000e-03
 3.994444e-03
 3.995000e-03
 3.995000e-03
