 0
 0
 1.293286e-14
 1.939928e-14
 5.173142e-14
 5.747936e-14
 6.466428e-14
 6.466428e-14
 3.233214e-14
 3.155444e-30
 0
 3.155444e-30
 1.293286e-14
 1.939928e-14
 5.173142e-14
 5.747936e-14
 6.466428e-14
 6.466428e-14
 6.466428e-14
 1.293286e-13
 1.616607e-13
 3.233214e-13
 3.520611e-13
 3.879857e-13
 3.879857e-13
 3.879857e-13
 7.113071e-13
 8.729678e-13
 1.681271e-12
 1.824970e-12
 2.004593e-12
 2.004593e-12
 2.004593e-12
 3.621200e-12
 4.429503e-12
 8.471021e-12
 9.189513e-12
 1.008763e-11
 1.008763e-11
 1.008763e-11
 1.817066e-11
 2.221218e-11
 4.241977e-11
 4.601223e-11
 5.050280e-11
 5.050280e-11
 5.050280e-11
 9.091798e-11
 1.111256e-10
 2.121635e-10
 2.301258e-10
 2.525787e-10
 2.525787e-10
 2.525787e-10
 4.546546e-10
 5.556925e-10
 1.060882e-09
 1.150694e-09
 1.262958e-09
 1.262958e-09
 1.262958e-09
 2.273337e-09
 2.778527e-09
 5.304476e-09
 5.753533e-09
 6.314855e-09
 6.314855e-09
 6.314855e-09
 1.136675e-08
 1.389270e-08
 2.652244e-08
 2.876773e-08
 3.157434e-08
 3.157434e-08
 3.157434e-08
 5.683382e-08
 6.946357e-08
 1.326123e-07
 1.438387e-07
 1.578718e-07
 1.578718e-07
 1.578718e-07
 2.841692e-07
 3.473179e-07
 6.630615e-07
 7.191936e-07
 7.893589e-07
 7.893589e-07
 7.893589e-07
 1.420846e-06
 1.736590e-06
 3.315307e-06
 3.595968e-06
 3.946794e-06
 3.946794e-06
 3.946794e-06
 4.157436e-06
 4.262756e-06
 4.789359e-06
 4.882977e-06
 5.000000e-06
 5.000000e-06
 5.000000e-06
 6.000000e-06
 6.500000e-06
 9.000000e-06
 9.444444e-06
 1.000000e-05
 1.000000e-05
 1.000000e-05
 1.100000e-05
 1.150000e-05
 1.400000e-05
 1.444444e-05
 1.500000e-05
 1.500000e-05
 1.500000e-05
 1.600000e-05
 1.650000e-05
 1.900000e-05
 1.944444e-05
 2.000000e-05
 2.000000e-05
 2.000000e-05
 2.100000e-05
 2.150000e-05
 2.400000e-05
 2.444444e-05
 2.500000e-05
 2.500000e-05
 2.500000e-05
 2.600000e-05
 2.650000e-05
 2.900000e-05
 2.944444e-05
 3.000000e-05
 3.000000e-05
 3.000000e-05
 3.100000e-05
 3.150000e-05
 3.400000e-05
 3.444444e-05
 3.500000e-05
 3.500000e-05
 3.500000e-05
 3.600000e-05
 3.650000e-05
 3.900000e-05
 3.944444e-05
 4.000000e-05
 4.000000e-05
 4.000000e-05
 4.100000e-05
 4.150000e-05
 4.400000e-05
 4.444444e-05
 4.500000e-05
 4.500000e-05
 4.500000e-05
 4.600000e-05
 4.650000e-05
 4.900000e-05
 4.944444e-05
 5.000000e-05
 5.000000e-05
 4.750000e-05
 5.000000e-05
 5.000000e-05
 5.000000e-05
 5.100000e-05
 5.150000e-05
 5.400000e-05
 5.444444e-05
 5.500000e-05
 5.500000e-05
 5.250000e-05
 5.000000e-05
 5.000000e-05
 5.000000e-05
 5.100000e-05
 5.150000e-05
 5.400000e-05
 5.444444e-05
 5.500000e-05
 5.500000e-05
 5.500000e-05
 5.600000e-05
 5.650000e-05
 5.900000e-05
 5.944444e-05
 6.000000e-05
 6.000000e-05
 6.000000e-05
 6.100000e-05
 6.150000e-05
 6.400000e-05
 6.444444e-05
 6.500000e-05
 6.500000e-05
 6.500000e-05
 6.600000e-05
 6.650000e-05
 6.900000e-05
 6.944444e-05
 7.000000e-05
 7.000000e-05
 7.000000e-05
 7.100000e-05
 7.150000e-05
 7.400000e-05
 7.444444e-05
 7.500000e-05
 7.500000e-05
 7.500000e-05
 7.600000e-05
 7.650000e-05
 7.900000e-05
 7.944444e-05
 8.000000e-05
 8.000000e-05
 8.000000e-05
 8.100000e-05
 8.150000e-05
 8.400000e-05
 8.444444e-05
 8.500000e-05
 8.500000e-05
 8.500000e-05
 8.600000e-05
 8.650000e-05
 8.900000e-05
 8.944444e-05
 9.000000e-05
 9.000000e-05
 9.000000e-05
 9.100000e-05
 9.150000e-05
 9.400000e-05
 9.444444e-05
 9.500000e-05
 9.500000e-05
 9.500000e-05
 9.600000e-05
 9.650000e-05
 9.900000e-05
 9.944444e-05
 1.000000e-04
 1.000000e-04
 1.000000e-04
 1.010000e-04
 1.015000e-04
 1.040000e-04
 1.044444e-04
 1.050000e-04
 1.050000e-04
 1.050000e-04
 1.060000e-04
 1.065000e-04
 1.090000e-04
 1.094444e-04
 1.100000e-04
 1.100000e-04
 1.100000e-04
 1.110000e-04
 1.115000e-04
 1.140000e-04
 1.144444e-04
 1.150000e-04
 1.150000e-04
 1.150000e-04
 1.160000e-04
 1.165000e-04
 1.190000e-04
 1.194444e-04
 1.200000e-04
 1.200000e-04
 1.200000e-04
 1.210000e-04
 1.215000e-04
 1.240000e-04
 1.244444e-04
 1.250000e-04
 1.250000e-04
 1.250000e-04
 1.260000e-04
 1.265000e-04
 1.290000e-04
 1.294444e-04
 1.300000e-04
 1.300000e-04
 1.300000e-04
 1.310000e-04
 1.315000e-04
 1.340000e-04
 1.344444e-04
 1.350000e-04
 1.350000e-04
 1.350000e-04
 1.360000e-04
 1.365000e-04
 1.390000e-04
 1.394444e-04
 1.400000e-04
 1.400000e-04
 1.400000e-04
 1.410000e-04
 1.415000e-04
 1.440000e-04
 1.444444e-04
 1.450000e-04
 1.450000e-04
 1.450000e-04
 1.460000e-04
 1.465000e-04
 1.490000e-04
 1.494444e-04
 1.500000e-04
 1.500000e-04
 1.500000e-04
 1.510000e-04
 1.515000e-04
 1.540000e-04
 1.544444e-04
 1.550000e-04
 1.550000e-04
 1.550000e-04
 1.560000e-04
 1.565000e-04
 1.590000e-04
 1.594444e-04
 1.600000e-04
 1.600000e-04
 1.600000e-04
 1.610000e-04
 1.615000e-04
 1.640000e-04
 1.644444e-04
 1.650000e-04
 1.650000e-04
 1.650000e-04
 1.660000e-04
 1.665000e-04
 1.690000e-04
 1.694444e-04
 1.700000e-04
 1.700000e-04
 1.700000e-04
 1.710000e-04
 1.715000e-04
 1.740000e-04
 1.744444e-04
 1.750000e-04
 1.750000e-04
 1.750000e-04
 1.760000e-04
 1.765000e-04
 1.790000e-04
 1.794444e-04
 1.800000e-04
 1.800000e-04
 1.800000e-04
 1.810000e-04
 1.815000e-04
 1.840000e-04
 1.844444e-04
 1.850000e-04
 1.850000e-04
 1.850000e-04
 1.860000e-04
 1.865000e-04
 1.890000e-04
 1.894444e-04
 1.900000e-04
 1.900000e-04
 1.900000e-04
 1.910000e-04
 1.915000e-04
 1.940000e-04
 1.944444e-04
 1.950000e-04
 1.950000e-04
 1.950000e-04
 1.960000e-04
 1.965000e-04
 1.990000e-04
 1.994444e-04
 2.000000e-04
 2.000000e-04
 2.000000e-04
 2.010000e-04
 2.015000e-04
 2.040000e-04
 2.044444e-04
 2.050000e-04
 2.050000e-04
 2.050000e-04
 2.060000e-04
 2.065000e-04
 2.090000e-04
 2.094444e-04
 2.100000e-04
 2.100000e-04
 2.100000e-04
 2.110000e-04
 2.115000e-04
 2.140000e-04
 2.144444e-04
 2.150000e-04
 2.150000e-04
 2.150000e-04
 2.160000e-04
 2.165000e-04
 2.190000e-04
 2.194444e-04
 2.200000e-04
 2.200000e-04
 2.200000e-04
 2.210000e-04
 2.215000e-04
 2.240000e-04
 2.244444e-04
 2.250000e-04
 2.250000e-04
 2.250000e-04
 2.260000e-04
 2.265000e-04
 2.290000e-04
 2.294444e-04
 2.300000e-04
 2.300000e-04
 2.300000e-04
 2.310000e-04
 2.315000e-04
 2.340000e-04
 2.344444e-04
 2.350000e-04
 2.350000e-04
 2.350000e-04
 2.360000e-04
 2.365000e-04
 2.390000e-04
 2.394444e-04
 2.400000e-04
 2.400000e-04
 2.400000e-04
 2.410000e-04
 2.415000e-04
 2.440000e-04
 2.444444e-04
 2.450000e-04
 2.450000e-04
 2.450000e-04
 2.460000e-04
 2.465000e-04
 2.490000e-04
 2.494444e-04
 2.500000e-04
 2.500000e-04
 2.500000e-04
 2.510000e-04
 2.515000e-04
 2.540000e-04
 2.544444e-04
 2.550000e-04
 2.550000e-04
 2.550000e-04
 2.560000e-04
 2.565000e-04
 2.590000e-04
 2.594444e-04
 2.600000e-04
 2.600000e-04
 2.600000e-04
 2.610000e-04
 2.615000e-04
 2.640000e-04
 2.644444e-04
 2.650000e-04
 2.650000e-04
 2.650000e-04
 2.660000e-04
 2.665000e-04
 2.690000e-04
 2.694444e-04
 2.700000e-04
 2.700000e-04
 2.700000e-04
 2.710000e-04
 2.715000e-04
 2.740000e-04
 2.744444e-04
 2.750000e-04
 2.750000e-04
 2.750000e-04
 2.760000e-04
 2.765000e-04
 2.790000e-04
 2.794444e-04
 2.800000e-04
 2.800000e-04
 2.800000e-04
 2.810000e-04
 2.815000e-04
 2.840000e-04
 2.844444e-04
 2.850000e-04
 2.850000e-04
 2.850000e-04
 2.860000e-04
 2.865000e-04
 2.890000e-04
 2.894444e-04
 2.900000e-04
 2.900000e-04
 2.900000e-04
 2.910000e-04
 2.915000e-04
 2.940000e-04
 2.944444e-04
 2.950000e-04
 2.950000e-04
 2.950000e-04
 2.960000e-04
 2.965000e-04
 2.990000e-04
 2.994444e-04
 3.000000e-04
 3.000000e-04
 3.000000e-04
 3.010000e-04
 3.015000e-04
 3.040000e-04
 3.044444e-04
 3.050000e-04
 3.050000e-04
 3.050000e-04
 3.060000e-04
 3.065000e-04
 3.090000e-04
 3.094444e-04
 3.100000e-04
 3.100000e-04
 3.100000e-04
 3.110000e-04
 3.115000e-04
 3.140000e-04
 3.144444e-04
 3.150000e-04
 3.150000e-04
 3.150000e-04
 3.160000e-04
 3.165000e-04
 3.190000e-04
 3.194444e-04
 3.200000e-04
 3.200000e-04
 3.200000e-04
 3.210000e-04
 3.215000e-04
 3.240000e-04
 3.244444e-04
 3.250000e-04
 3.250000e-04
 3.250000e-04
 3.260000e-04
 3.265000e-04
 3.290000e-04
 3.294444e-04
 3.300000e-04
 3.300000e-04
 3.300000e-04
 3.310000e-04
 3.315000e-04
 3.340000e-04
 3.344444e-04
 3.350000e-04
 3.350000e-04
 3.350000e-04
 3.360000e-04
 3.365000e-04
 3.390000e-04
 3.394444e-04
 3.400000e-04
 3.400000e-04
 3.400000e-04
 3.410000e-04
 3.415000e-04
 3.440000e-04
 3.444444e-04
 3.450000e-04
 3.450000e-04
 3.450000e-04
 3.460000e-04
 3.465000e-04
 3.490000e-04
 3.494444e-04
 3.500000e-04
 3.500000e-04
 3.500000e-04
 3.510000e-04
 3.515000e-04
 3.540000e-04
 3.544444e-04
 3.550000e-04
 3.550000e-04
 3.550000e-04
 3.560000e-04
 3.565000e-04
 3.590000e-04
 3.594444e-04
 3.600000e-04
 3.600000e-04
 3.600000e-04
 3.610000e-04
 3.615000e-04
 3.640000e-04
 3.644444e-04
 3.650000e-04
 3.650000e-04
 3.650000e-04
 3.660000e-04
 3.665000e-04
 3.690000e-04
 3.694444e-04
 3.700000e-04
 3.700000e-04
 3.700000e-04
 3.710000e-04
 3.715000e-04
 3.740000e-04
 3.744444e-04
 3.750000e-04
 3.750000e-04
 3.750000e-04
 3.760000e-04
 3.765000e-04
 3.790000e-04
 3.794444e-04
 3.800000e-04
 3.800000e-04
 3.800000e-04
 3.810000e-04
 3.815000e-04
 3.840000e-04
 3.844444e-04
 3.850000e-04
 3.850000e-04
 3.850000e-04
 3.860000e-04
 3.865000e-04
 3.890000e-04
 3.894444e-04
 3.900000e-04
 3.900000e-04
 3.900000e-04
 3.910000e-04
 3.915000e-04
 3.940000e-04
 3.944444e-04
 3.950000e-04
 3.950000e-04
 3.950000e-04
 3.960000e-04
 3.965000e-04
 3.990000e-04
 3.994444e-04
 4.000000e-04
 4.000000e-04
 4.000000e-04
 4.010000e-04
 4.015000e-04
 4.040000e-04
 4.044444e-04
 4.050000e-04
 4.050000e-04
 4.050000e-04
 4.060000e-04
 4.065000e-04
 4.090000e-04
 4.094444e-04
 4.100000e-04
 4.100000e-04
 4.100000e-04
 4.110000e-04
 4.115000e-04
 4.140000e-04
 4.144444e-04
 4.150000e-04
 4.150000e-04
 4.150000e-04
 4.160000e-04
 4.165000e-04
 4.190000e-04
 4.194444e-04
 4.200000e-04
 4.200000e-04
 4.200000e-04
 4.210000e-04
 4.215000e-04
 4.240000e-04
 4.244444e-04
 4.250000e-04
 4.250000e-04
 4.250000e-04
 4.260000e-04
 4.265000e-04
 4.290000e-04
 4.294444e-04
 4.300000e-04
 4.300000e-04
 4.300000e-04
 4.310000e-04
 4.315000e-04
 4.340000e-04
 4.344444e-04
 4.350000e-04
 4.350000e-04
 4.350000e-04
 4.360000e-04
 4.365000e-04
 4.390000e-04
 4.394444e-04
 4.400000e-04
 4.400000e-04
 4.400000e-04
 4.410000e-04
 4.415000e-04
 4.440000e-04
 4.444444e-04
 4.450000e-04
 4.450000e-04
 4.450000e-04
 4.460000e-04
 4.465000e-04
 4.490000e-04
 4.494444e-04
 4.500000e-04
 4.500000e-04
