 0
 0
 1.293286e-14
 1.939928e-14
 5.173142e-14
 5.747936e-14
 6.466428e-14
 6.466428e-14
 3.233214e-14
 3.155444e-30
 0
 3.155444e-30
 1.293286e-14
 1.939928e-14
 5.173142e-14
 5.747936e-14
 6.466428e-14
 6.466428e-14
 6.466428e-14
 1.293286e-13
 1.616607e-13
 3.233214e-13
 3.520611e-13
 3.879857e-13
 3.879857e-13
 3.879857e-13
 7.113071e-13
 8.729678e-13
 1.681271e-12
 1.824970e-12
 2.004593e-12
 2.004593e-12
 2.004593e-12
 3.621200e-12
 4.429503e-12
 8.471021e-12
 9.189513e-12
 1.008763e-11
 1.008763e-11
 1.008763e-11
 1.817066e-11
 2.221218e-11
 4.241977e-11
 4.601223e-11
 5.050280e-11
 5.050280e-11
 5.050280e-11
 9.091798e-11
 1.111256e-10
 2.121635e-10
 2.301258e-10
 2.525787e-10
 2.525787e-10
 2.525787e-10
 4.546546e-10
 5.556925e-10
 1.060882e-09
 1.150694e-09
 1.262958e-09
 1.262958e-09
 1.262958e-09
 2.273337e-09
 2.778527e-09
 5.304476e-09
 5.753533e-09
 6.314855e-09
 6.314855e-09
 6.314855e-09
 1.136675e-08
 1.389270e-08
 2.652244e-08
 2.876773e-08
 3.157434e-08
 3.157434e-08
 3.157434e-08
 5.683382e-08
 6.946357e-08
 1.326123e-07
 1.438387e-07
 1.578718e-07
 1.578718e-07
 1.578718e-07
 2.841692e-07
 3.473179e-07
 6.630615e-07
 7.191936e-07
 7.893589e-07
 7.893589e-07
 7.893589e-07
 1.420846e-06
 1.736590e-06
 3.315307e-06
 3.595968e-06
 3.946794e-06
 3.946794e-06
 3.946794e-06
 4.157436e-06
 4.262756e-06
 4.789359e-06
 4.882977e-06
 5.000000e-06
 5.000000e-06
 5.000000e-06
 6.000000e-06
 6.500000e-06
 9.000000e-06
 9.444444e-06
 1.000000e-05
 1.000000e-05
 1.000000e-05
 1.100000e-05
 1.150000e-05
 1.400000e-05
 1.444444e-05
 1.500000e-05
 1.500000e-05
 1.500000e-05
 1.600000e-05
 1.650000e-05
 1.900000e-05
 1.944444e-05
 2.000000e-05
 2.000000e-05
 2.000000e-05
 2.100000e-05
 2.150000e-05
 2.400000e-05
 2.444444e-05
 2.500000e-05
 2.500000e-05
 2.500000e-05
 2.600000e-05
 2.650000e-05
 2.900000e-05
 2.944444e-05
 3.000000e-05
 3.000000e-05
 3.000000e-05
 3.100000e-05
 3.150000e-05
 3.400000e-05
 3.444444e-05
 3.500000e-05
 3.500000e-05
 3.500000e-05
 3.600000e-05
 3.650000e-05
 3.900000e-05
 3.944444e-05
 4.000000e-05
 4.000000e-05
 4.000000e-05
 4.100000e-05
 4.150000e-05
 4.400000e-05
 4.444444e-05
 4.500000e-05
 4.500000e-05
 4.500000e-05
 4.600000e-05
 4.650000e-05
 4.900000e-05
 4.944444e-05
 5.000000e-05
 5.000000e-05
 4.750000e-05
 5.000000e-05
 5.000000e-05
 5.000000e-05
 5.100000e-05
 5.150000e-05
 5.400000e-05
 5.444444e-05
 5.500000e-05
 5.500000e-05
 5.250000e-05
 5.000000e-05
 5.000000e-05
 5.000000e-05
 5.100000e-05
 5.150000e-05
 5.400000e-05
 5.444444e-05
 5.500000e-05
 5.500000e-05
 5.500000e-05
 5.600000e-05
 5.650000e-05
 5.900000e-05
 5.944444e-05
 6.000000e-05
 6.000000e-05
 6.000000e-05
 6.100000e-05
 6.150000e-05
 6.400000e-05
 6.444444e-05
 6.500000e-05
 6.500000e-05
 6.500000e-05
 6.600000e-05
 6.650000e-05
 6.900000e-05
 6.944444e-05
 7.000000e-05
 7.000000e-05
 7.000000e-05
 7.100000e-05
 7.150000e-05
 7.400000e-05
 7.444444e-05
 7.500000e-05
 7.500000e-05
 7.500000e-05
 7.600000e-05
 7.650000e-05
 7.900000e-05
 7.944444e-05
 8.000000e-05
 8.000000e-05
 8.000000e-05
 8.100000e-05
 8.150000e-05
 8.400000e-05
 8.444444e-05
 8.500000e-05
 8.500000e-05
 8.500000e-05
 8.600000e-05
 8.650000e-05
 8.900000e-05
 8.944444e-05
 9.000000e-05
 9.000000e-05
 9.000000e-05
 9.100000e-05
 9.150000e-05
 9.400000e-05
 9.444444e-05
 9.500000e-05
 9.500000e-05
 9.500000e-05
 9.600000e-05
 9.650000e-05
 9.900000e-05
 9.944444e-05
 1.000000e-04
 1.000000e-04
 1.000000e-04
 1.010000e-04
 1.015000e-04
 1.040000e-04
 1.044444e-04
 1.050000e-04
 1.050000e-04
 1.050000e-04
 1.060000e-04
 1.065000e-04
 1.090000e-04
 1.094444e-04
 1.100000e-04
 1.100000e-04
 1.100000e-04
 1.110000e-04
 1.115000e-04
 1.140000e-04
 1.144444e-04
 1.150000e-04
 1.150000e-04
 1.150000e-04
 1.160000e-04
 1.165000e-04
 1.190000e-04
 1.194444e-04
 1.200000e-04
 1.200000e-04
 1.200000e-04
 1.210000e-04
 1.215000e-04
 1.240000e-04
 1.244444e-04
 1.250000e-04
 1.250000e-04
 1.250000e-04
 1.260000e-04
 1.265000e-04
 1.290000e-04
 1.294444e-04
 1.300000e-04
 1.300000e-04
 1.300000e-04
 1.310000e-04
 1.315000e-04
 1.340000e-04
 1.344444e-04
 1.350000e-04
 1.350000e-04
 1.350000e-04
 1.360000e-04
 1.365000e-04
 1.390000e-04
 1.394444e-04
 1.400000e-04
 1.400000e-04
 1.400000e-04
 1.410000e-04
 1.415000e-04
 1.440000e-04
 1.444444e-04
 1.450000e-04
 1.450000e-04
 1.450000e-04
 1.460000e-04
 1.465000e-04
 1.490000e-04
 1.494444e-04
 1.500000e-04
 1.500000e-04
 1.500000e-04
 1.510000e-04
 1.515000e-04
 1.540000e-04
 1.544444e-04
 1.550000e-04
 1.550000e-04
 1.550000e-04
 1.560000e-04
 1.565000e-04
 1.590000e-04
 1.594444e-04
 1.600000e-04
 1.600000e-04
 1.600000e-04
 1.610000e-04
 1.615000e-04
 1.640000e-04
 1.644444e-04
 1.650000e-04
 1.650000e-04
 1.650000e-04
 1.660000e-04
 1.665000e-04
 1.690000e-04
 1.694444e-04
 1.700000e-04
 1.700000e-04
 1.700000e-04
 1.710000e-04
 1.715000e-04
 1.740000e-04
 1.744444e-04
 1.750000e-04
 1.750000e-04
 1.750000e-04
 1.760000e-04
 1.765000e-04
 1.790000e-04
 1.794444e-04
 1.800000e-04
 1.800000e-04
 1.800000e-04
 1.810000e-04
 1.815000e-04
 1.840000e-04
 1.844444e-04
 1.850000e-04
 1.850000e-04
 1.850000e-04
 1.860000e-04
 1.865000e-04
 1.890000e-04
 1.894444e-04
 1.900000e-04
 1.900000e-04
 1.900000e-04
 1.910000e-04
 1.915000e-04
 1.940000e-04
 1.944444e-04
 1.950000e-04
 1.950000e-04
 1.950000e-04
 1.960000e-04
 1.965000e-04
 1.990000e-04
 1.994444e-04
 2.000000e-04
 2.000000e-04
 2.000000e-04
 2.010000e-04
 2.015000e-04
 2.040000e-04
 2.044444e-04
 2.050000e-04
 2.050000e-04
 2.050000e-04
 2.060000e-04
 2.065000e-04
 2.090000e-04
 2.094444e-04
 2.100000e-04
 2.100000e-04
 2.100000e-04
 2.110000e-04
 2.115000e-04
 2.140000e-04
 2.144444e-04
 2.150000e-04
 2.150000e-04
 2.150000e-04
 2.160000e-04
 2.165000e-04
 2.190000e-04
 2.194444e-04
 2.200000e-04
 2.200000e-04
 2.200000e-04
 2.210000e-04
 2.215000e-04
 2.240000e-04
 2.244444e-04
 2.250000e-04
 2.250000e-04
 2.250000e-04
 2.260000e-04
 2.265000e-04
 2.290000e-04
 2.294444e-04
 2.300000e-04
 2.300000e-04
 2.300000e-04
 2.310000e-04
 2.315000e-04
 2.340000e-04
 2.344444e-04
 2.350000e-04
 2.350000e-04
 2.350000e-04
 2.360000e-04
 2.365000e-04
 2.390000e-04
 2.394444e-04
 2.400000e-04
 2.400000e-04
 2.400000e-04
 2.410000e-04
 2.415000e-04
 2.440000e-04
 2.444444e-04
 2.450000e-04
 2.450000e-04
 2.450000e-04
 2.460000e-04
 2.465000e-04
 2.490000e-04
 2.494444e-04
 2.500000e-04
 2.500000e-04
 2.500000e-04
 2.510000e-04
 2.515000e-04
 2.540000e-04
 2.544444e-04
 2.550000e-04
 2.550000e-04
 2.550000e-04
 2.560000e-04
 2.565000e-04
 2.590000e-04
 2.594444e-04
 2.600000e-04
 2.600000e-04
 2.600000e-04
 2.610000e-04
 2.615000e-04
 2.640000e-04
 2.644444e-04
 2.650000e-04
 2.650000e-04
 2.650000e-04
 2.660000e-04
 2.665000e-04
 2.690000e-04
 2.694444e-04
 2.700000e-04
 2.700000e-04
 2.700000e-04
 2.710000e-04
 2.715000e-04
 2.740000e-04
 2.744444e-04
 2.750000e-04
 2.750000e-04
 2.750000e-04
 2.760000e-04
 2.765000e-04
 2.790000e-04
 2.794444e-04
 2.800000e-04
 2.800000e-04
 2.800000e-04
 2.810000e-04
 2.815000e-04
 2.840000e-04
 2.844444e-04
 2.850000e-04
 2.850000e-04
 2.850000e-04
 2.860000e-04
 2.865000e-04
 2.890000e-04
 2.894444e-04
 2.900000e-04
 2.900000e-04
 2.900000e-04
 2.910000e-04
 2.915000e-04
 2.940000e-04
 2.944444e-04
 2.950000e-04
 2.950000e-04
 2.950000e-04
 2.960000e-04
 2.965000e-04
 2.990000e-04
 2.994444e-04
 3.000000e-04
 3.000000e-04
 3.000000e-04
 3.010000e-04
 3.015000e-04
 3.040000e-04
 3.044444e-04
 3.050000e-04
 3.050000e-04
 3.050000e-04
 3.060000e-04
 3.065000e-04
 3.090000e-04
 3.094444e-04
 3.100000e-04
 3.100000e-04
 3.100000e-04
 3.110000e-04
 3.115000e-04
 3.140000e-04
 3.144444e-04
 3.150000e-04
 3.150000e-04
 3.150000e-04
 3.160000e-04
 3.165000e-04
 3.190000e-04
 3.194444e-04
 3.200000e-04
 3.200000e-04
 3.200000e-04
 3.210000e-04
 3.215000e-04
 3.240000e-04
 3.244444e-04
 3.250000e-04
 3.250000e-04
 3.250000e-04
 3.260000e-04
 3.265000e-04
 3.290000e-04
 3.294444e-04
 3.300000e-04
 3.300000e-04
 3.300000e-04
 3.310000e-04
 3.315000e-04
 3.340000e-04
 3.344444e-04
 3.350000e-04
 3.350000e-04
 3.350000e-04
 3.360000e-04
 3.365000e-04
 3.390000e-04
 3.394444e-04
 3.400000e-04
 3.400000e-04
 3.400000e-04
 3.410000e-04
 3.415000e-04
 3.440000e-04
 3.444444e-04
 3.450000e-04
 3.450000e-04
 3.450000e-04
 3.460000e-04
 3.465000e-04
 3.490000e-04
 3.494444e-04
 3.500000e-04
 3.500000e-04
 3.500000e-04
 3.510000e-04
 3.515000e-04
 3.540000e-04
 3.544444e-04
 3.550000e-04
 3.550000e-04
 3.550000e-04
 3.560000e-04
 3.565000e-04
 3.590000e-04
 3.594444e-04
 3.600000e-04
 3.600000e-04
 3.600000e-04
 3.610000e-04
 3.615000e-04
 3.640000e-04
 3.644444e-04
 3.650000e-04
 3.650000e-04
 3.650000e-04
 3.660000e-04
 3.665000e-04
 3.690000e-04
 3.694444e-04
 3.700000e-04
 3.700000e-04
 3.700000e-04
 3.710000e-04
 3.715000e-04
 3.740000e-04
 3.744444e-04
 3.750000e-04
 3.750000e-04
 3.750000e-04
 3.760000e-04
 3.765000e-04
 3.790000e-04
 3.794444e-04
 3.800000e-04
 3.800000e-04
 3.800000e-04
 3.810000e-04
 3.815000e-04
 3.840000e-04
 3.844444e-04
 3.850000e-04
 3.850000e-04
 3.850000e-04
 3.860000e-04
 3.865000e-04
 3.890000e-04
 3.894444e-04
 3.900000e-04
 3.900000e-04
 3.900000e-04
 3.910000e-04
 3.915000e-04
 3.940000e-04
 3.944444e-04
 3.950000e-04
 3.950000e-04
 3.950000e-04
 3.960000e-04
 3.965000e-04
 3.990000e-04
 3.994444e-04
 4.000000e-04
 4.000000e-04
 4.000000e-04
 4.010000e-04
 4.015000e-04
 4.040000e-04
 4.044444e-04
 4.050000e-04
 4.050000e-04
 4.050000e-04
 4.060000e-04
 4.065000e-04
 4.090000e-04
 4.094444e-04
 4.100000e-04
 4.100000e-04
 4.100000e-04
 4.110000e-04
 4.115000e-04
 4.140000e-04
 4.144444e-04
 4.150000e-04
 4.150000e-04
 4.150000e-04
 4.160000e-04
 4.165000e-04
 4.190000e-04
 4.194444e-04
 4.200000e-04
 4.200000e-04
 4.200000e-04
 4.210000e-04
 4.215000e-04
 4.240000e-04
 4.244444e-04
 4.250000e-04
 4.250000e-04
 4.250000e-04
 4.260000e-04
 4.265000e-04
 4.290000e-04
 4.294444e-04
 4.300000e-04
 4.300000e-04
 4.300000e-04
 4.310000e-04
 4.315000e-04
 4.340000e-04
 4.344444e-04
 4.350000e-04
 4.350000e-04
 4.350000e-04
 4.360000e-04
 4.365000e-04
 4.390000e-04
 4.394444e-04
 4.400000e-04
 4.400000e-04
 4.400000e-04
 4.410000e-04
 4.415000e-04
 4.440000e-04
 4.444444e-04
 4.450000e-04
 4.450000e-04
 4.450000e-04
 4.460000e-04
 4.465000e-04
 4.490000e-04
 4.494444e-04
 4.500000e-04
 4.500000e-04
 4.500000e-04
 4.510000e-04
 4.515000e-04
 4.540000e-04
 4.544444e-04
 4.550000e-04
 4.550000e-04
 4.550000e-04
 4.560000e-04
 4.565000e-04
 4.590000e-04
 4.594444e-04
 4.600000e-04
 4.600000e-04
 4.600000e-04
 4.610000e-04
 4.615000e-04
 4.640000e-04
 4.644444e-04
 4.650000e-04
 4.650000e-04
 4.650000e-04
 4.660000e-04
 4.665000e-04
 4.690000e-04
 4.694444e-04
 4.700000e-04
 4.700000e-04
 4.700000e-04
 4.710000e-04
 4.715000e-04
 4.740000e-04
 4.744444e-04
 4.750000e-04
 4.750000e-04
 4.750000e-04
 4.760000e-04
 4.765000e-04
 4.790000e-04
 4.794444e-04
 4.800000e-04
 4.800000e-04
 4.800000e-04
 4.810000e-04
 4.815000e-04
 4.840000e-04
 4.844444e-04
 4.850000e-04
 4.850000e-04
 4.850000e-04
 4.860000e-04
 4.865000e-04
 4.890000e-04
 4.894444e-04
 4.900000e-04
 4.900000e-04
 4.900000e-04
 4.910000e-04
 4.915000e-04
 4.940000e-04
 4.944444e-04
 4.950000e-04
 4.950000e-04
 4.950000e-04
 4.960000e-04
 4.965000e-04
 4.990000e-04
 4.994444e-04
 5.000000e-04
 5.000000e-04
 5.000000e-04
 5.010000e-04
 5.015000e-04
 5.040000e-04
 5.044444e-04
 5.050000e-04
 5.050000e-04
 5.050000e-04
 5.060000e-04
 5.065000e-04
 5.090000e-04
 5.094444e-04
 5.100000e-04
 5.100000e-04
 5.100000e-04
 5.110000e-04
 5.115000e-04
 5.140000e-04
 5.144444e-04
 5.150000e-04
 5.150000e-04
 5.150000e-04
 5.160000e-04
 5.165000e-04
 5.190000e-04
 5.194444e-04
 5.200000e-04
 5.200000e-04
 5.200000e-04
 5.210000e-04
 5.215000e-04
 5.240000e-04
 5.244444e-04
 5.250000e-04
 5.250000e-04
 5.250000e-04
 5.260000e-04
 5.265000e-04
 5.290000e-04
 5.294444e-04
 5.300000e-04
 5.300000e-04
 5.300000e-04
 5.310000e-04
 5.315000e-04
 5.340000e-04
 5.344444e-04
 5.350000e-04
 5.350000e-04
 5.350000e-04
 5.360000e-04
 5.365000e-04
 5.390000e-04
 5.394444e-04
 5.400000e-04
 5.400000e-04
 5.400000e-04
 5.410000e-04
 5.415000e-04
 5.440000e-04
 5.444444e-04
 5.450000e-04
 5.450000e-04
 5.450000e-04
 5.460000e-04
 5.465000e-04
 5.490000e-04
 5.494444e-04
 5.500000e-04
 5.500000e-04
 5.500000e-04
 5.510000e-04
 5.515000e-04
 5.540000e-04
 5.544444e-04
 5.550000e-04
 5.550000e-04
 5.550000e-04
 5.560000e-04
 5.565000e-04
 5.590000e-04
 5.594444e-04
 5.600000e-04
 5.600000e-04
 5.600000e-04
 5.610000e-04
 5.615000e-04
 5.640000e-04
 5.644444e-04
 5.650000e-04
 5.650000e-04
 5.650000e-04
 5.660000e-04
 5.665000e-04
 5.690000e-04
 5.694444e-04
 5.700000e-04
 5.700000e-04
 5.700000e-04
 5.710000e-04
 5.715000e-04
 5.740000e-04
 5.744444e-04
 5.750000e-04
 5.750000e-04
 5.750000e-04
 5.760000e-04
 5.765000e-04
 5.790000e-04
 5.794444e-04
 5.800000e-04
 5.800000e-04
 5.800000e-04
 5.810000e-04
 5.815000e-04
 5.840000e-04
 5.844444e-04
 5.850000e-04
 5.850000e-04
 5.850000e-04
 5.860000e-04
 5.865000e-04
 5.890000e-04
 5.894444e-04
 5.900000e-04
 5.900000e-04
 5.900000e-04
 5.910000e-04
 5.915000e-04
 5.940000e-04
 5.944444e-04
 5.950000e-04
 5.950000e-04
 5.950000e-04
 5.960000e-04
 5.965000e-04
 5.990000e-04
 5.994444e-04
 6.000000e-04
 6.000000e-04
 6.000000e-04
 6.010000e-04
 6.015000e-04
 6.040000e-04
 6.044444e-04
 6.050000e-04
 6.050000e-04
 6.050000e-04
 6.060000e-04
 6.065000e-04
 6.090000e-04
 6.094444e-04
 6.100000e-04
 6.100000e-04
 6.100000e-04
 6.110000e-04
 6.115000e-04
 6.140000e-04
 6.144444e-04
 6.150000e-04
 6.150000e-04
 6.150000e-04
 6.160000e-04
 6.165000e-04
 6.190000e-04
 6.194444e-04
 6.200000e-04
 6.200000e-04
 6.200000e-04
 6.210000e-04
 6.215000e-04
 6.240000e-04
 6.244444e-04
 6.250000e-04
 6.250000e-04
 6.250000e-04
 6.260000e-04
 6.265000e-04
 6.290000e-04
 6.294444e-04
 6.300000e-04
 6.300000e-04
 6.300000e-04
 6.310000e-04
 6.315000e-04
 6.340000e-04
 6.344444e-04
 6.350000e-04
 6.350000e-04
 6.350000e-04
 6.360000e-04
 6.365000e-04
 6.390000e-04
 6.394444e-04
 6.400000e-04
 6.400000e-04
 6.400000e-04
 6.410000e-04
 6.415000e-04
 6.440000e-04
 6.444444e-04
 6.450000e-04
 6.450000e-04
 6.450000e-04
 6.460000e-04
 6.465000e-04
 6.490000e-04
 6.494444e-04
 6.500000e-04
 6.500000e-04
 6.500000e-04
 6.510000e-04
 6.515000e-04
 6.540000e-04
 6.544444e-04
 6.550000e-04
 6.550000e-04
 6.550000e-04
 6.560000e-04
 6.565000e-04
 6.590000e-04
 6.594444e-04
 6.600000e-04
 6.600000e-04
 6.600000e-04
 6.610000e-04
 6.615000e-04
 6.640000e-04
 6.644444e-04
 6.650000e-04
 6.650000e-04
 6.650000e-04
 6.660000e-04
 6.665000e-04
 6.690000e-04
 6.694444e-04
 6.700000e-04
 6.700000e-04
 6.700000e-04
 6.710000e-04
 6.715000e-04
 6.740000e-04
 6.744444e-04
 6.750000e-04
 6.750000e-04
 6.750000e-04
 6.760000e-04
 6.765000e-04
 6.790000e-04
 6.794444e-04
 6.800000e-04
 6.800000e-04
 6.800000e-04
 6.810000e-04
 6.815000e-04
 6.840000e-04
 6.844444e-04
 6.850000e-04
 6.850000e-04
 6.850000e-04
 6.860000e-04
 6.865000e-04
 6.890000e-04
 6.894444e-04
 6.900000e-04
 6.900000e-04
 6.900000e-04
 6.910000e-04
 6.915000e-04
 6.940000e-04
 6.944444e-04
 6.950000e-04
 6.950000e-04
 6.950000e-04
 6.960000e-04
 6.965000e-04
 6.990000e-04
 6.994444e-04
 7.000000e-04
 7.000000e-04
 7.000000e-04
 7.010000e-04
 7.015000e-04
 7.040000e-04
 7.044444e-04
 7.050000e-04
 7.050000e-04
 7.050000e-04
 7.060000e-04
 7.065000e-04
 7.090000e-04
 7.094444e-04
 7.100000e-04
 7.100000e-04
 7.100000e-04
 7.110000e-04
 7.115000e-04
 7.140000e-04
 7.144444e-04
 7.150000e-04
 7.150000e-04
 7.150000e-04
 7.160000e-04
 7.165000e-04
 7.190000e-04
 7.194444e-04
 7.200000e-04
 7.200000e-04
 7.200000e-04
 7.210000e-04
 7.215000e-04
 7.240000e-04
 7.244444e-04
 7.250000e-04
 7.250000e-04
 7.250000e-04
 7.260000e-04
 7.265000e-04
 7.290000e-04
 7.294444e-04
 7.300000e-04
 7.300000e-04
 7.300000e-04
 7.310000e-04
 7.315000e-04
 7.340000e-04
 7.344444e-04
 7.350000e-04
 7.350000e-04
 7.350000e-04
 7.360000e-04
 7.365000e-04
 7.390000e-04
 7.394444e-04
 7.400000e-04
 7.400000e-04
 7.400000e-04
 7.410000e-04
 7.415000e-04
 7.440000e-04
 7.444444e-04
 7.450000e-04
 7.450000e-04
 7.450000e-04
 7.460000e-04
 7.465000e-04
 7.490000e-04
 7.494444e-04
 7.500000e-04
 7.500000e-04
 7.500000e-04
 7.510000e-04
 7.515000e-04
 7.540000e-04
 7.544444e-04
 7.550000e-04
 7.550000e-04
 7.550000e-04
 7.560000e-04
 7.565000e-04
 7.590000e-04
 7.594444e-04
 7.600000e-04
 7.600000e-04
 7.600000e-04
 7.610000e-04
 7.615000e-04
 7.640000e-04
 7.644444e-04
 7.650000e-04
 7.650000e-04
 7.650000e-04
 7.660000e-04
 7.665000e-04
 7.690000e-04
 7.694444e-04
 7.700000e-04
 7.700000e-04
 7.700000e-04
 7.710000e-04
 7.715000e-04
 7.740000e-04
 7.744444e-04
 7.750000e-04
 7.750000e-04
 7.750000e-04
 7.760000e-04
 7.765000e-04
 7.790000e-04
 7.794444e-04
 7.800000e-04
 7.800000e-04
 7.800000e-04
 7.810000e-04
 7.815000e-04
 7.840000e-04
 7.844444e-04
 7.850000e-04
 7.850000e-04
 7.850000e-04
 7.860000e-04
 7.865000e-04
 7.890000e-04
 7.894444e-04
 7.900000e-04
 7.900000e-04
 7.900000e-04
 7.910000e-04
 7.915000e-04
 7.940000e-04
 7.944444e-04
 7.950000e-04
 7.950000e-04
 7.950000e-04
 7.960000e-04
 7.965000e-04
 7.990000e-04
 7.994444e-04
 8.000000e-04
 8.000000e-04
 8.000000e-04
 8.010000e-04
 8.015000e-04
 8.040000e-04
 8.044444e-04
 8.050000e-04
 8.050000e-04
 8.050000e-04
 8.060000e-04
 8.065000e-04
 8.090000e-04
 8.094444e-04
 8.100000e-04
 8.100000e-04
 8.100000e-04
 8.110000e-04
 8.115000e-04
 8.140000e-04
 8.144444e-04
 8.150000e-04
 8.150000e-04
 8.150000e-04
 8.160000e-04
 8.165000e-04
 8.190000e-04
 8.194444e-04
 8.200000e-04
 8.200000e-04
 8.200000e-04
 8.210000e-04
 8.215000e-04
 8.240000e-04
 8.244444e-04
 8.250000e-04
 8.250000e-04
 8.250000e-04
 8.260000e-04
 8.265000e-04
 8.290000e-04
 8.294444e-04
 8.300000e-04
 8.300000e-04
 8.300000e-04
 8.310000e-04
 8.315000e-04
 8.340000e-04
 8.344444e-04
 8.350000e-04
 8.350000e-04
 8.350000e-04
 8.360000e-04
 8.365000e-04
 8.390000e-04
 8.394444e-04
 8.400000e-04
 8.400000e-04
 8.400000e-04
 8.410000e-04
 8.415000e-04
 8.440000e-04
 8.444444e-04
 8.450000e-04
 8.450000e-04
 8.450000e-04
 8.460000e-04
 8.465000e-04
 8.490000e-04
 8.494444e-04
 8.500000e-04
 8.500000e-04
 8.500000e-04
 8.510000e-04
 8.515000e-04
 8.540000e-04
 8.544444e-04
 8.550000e-04
 8.550000e-04
 8.550000e-04
 8.560000e-04
 8.565000e-04
 8.590000e-04
 8.594444e-04
 8.600000e-04
 8.600000e-04
 8.600000e-04
 8.610000e-04
 8.615000e-04
 8.640000e-04
 8.644444e-04
 8.650000e-04
 8.650000e-04
 8.650000e-04
 8.660000e-04
 8.665000e-04
 8.690000e-04
 8.694444e-04
 8.700000e-04
 8.700000e-04
 8.700000e-04
 8.710000e-04
 8.715000e-04
 8.740000e-04
 8.744444e-04
 8.750000e-04
 8.750000e-04
 8.750000e-04
 8.760000e-04
 8.765000e-04
 8.790000e-04
 8.794444e-04
 8.800000e-04
 8.800000e-04
 8.800000e-04
 8.810000e-04
 8.815000e-04
 8.840000e-04
 8.844444e-04
 8.850000e-04
 8.850000e-04
 8.850000e-04
 8.860000e-04
 8.865000e-04
 8.890000e-04
 8.894444e-04
 8.900000e-04
 8.900000e-04
 8.900000e-04
 8.910000e-04
 8.915000e-04
 8.940000e-04
 8.944444e-04
 8.950000e-04
 8.950000e-04
 8.950000e-04
 8.960000e-04
 8.965000e-04
 8.990000e-04
 8.994444e-04
 9.000000e-04
 9.000000e-04
 9.000000e-04
 9.010000e-04
 9.015000e-04
 9.040000e-04
 9.044444e-04
 9.050000e-04
 9.050000e-04
 9.050000e-04
 9.060000e-04
 9.065000e-04
 9.090000e-04
 9.094444e-04
 9.100000e-04
 9.100000e-04
 9.100000e-04
 9.110000e-04
 9.115000e-04
 9.140000e-04
 9.144444e-04
 9.150000e-04
 9.150000e-04
 9.150000e-04
 9.160000e-04
 9.165000e-04
 9.190000e-04
 9.194444e-04
 9.200000e-04
 9.200000e-04
 9.200000e-04
 9.210000e-04
 9.215000e-04
 9.240000e-04
 9.244444e-04
 9.250000e-04
 9.250000e-04
 9.250000e-04
 9.260000e-04
 9.265000e-04
 9.290000e-04
 9.294444e-04
 9.300000e-04
 9.300000e-04
 9.300000e-04
 9.310000e-04
 9.315000e-04
 9.340000e-04
 9.344444e-04
 9.350000e-04
 9.350000e-04
 9.350000e-04
 9.360000e-04
 9.365000e-04
 9.390000e-04
 9.394444e-04
 9.400000e-04
 9.400000e-04
 9.400000e-04
 9.410000e-04
 9.415000e-04
 9.440000e-04
 9.444444e-04
 9.450000e-04
 9.450000e-04
 9.450000e-04
 9.460000e-04
 9.465000e-04
 9.490000e-04
 9.494444e-04
 9.500000e-04
 9.500000e-04
 9.500000e-04
 9.510000e-04
 9.515000e-04
 9.540000e-04
 9.544444e-04
 9.550000e-04
 9.550000e-04
 9.550000e-04
 9.560000e-04
 9.565000e-04
 9.590000e-04
 9.594444e-04
 9.600000e-04
 9.600000e-04
 9.600000e-04
 9.610000e-04
 9.615000e-04
 9.640000e-04
 9.644444e-04
 9.650000e-04
 9.650000e-04
 9.650000e-04
 9.660000e-04
 9.665000e-04
 9.690000e-04
 9.694444e-04
 9.700000e-04
 9.700000e-04
 9.700000e-04
 9.710000e-04
 9.715000e-04
 9.740000e-04
 9.744444e-04
 9.750000e-04
 9.750000e-04
 9.750000e-04
 9.760000e-04
 9.765000e-04
 9.790000e-04
 9.794444e-04
 9.800000e-04
 9.800000e-04
 9.800000e-04
 9.810000e-04
 9.815000e-04
 9.840000e-04
 9.844444e-04
 9.850000e-04
 9.850000e-04
 9.850000e-04
 9.860000e-04
 9.865000e-04
 9.890000e-04
 9.894444e-04
 9.900000e-04
 9.900000e-04
 9.900000e-04
 9.910000e-04
 9.915000e-04
 9.940000e-04
 9.944444e-04
 9.950000e-04
 9.950000e-04
 9.950000e-04
 9.960000e-04
 9.965000e-04
 9.990000e-04
 9.994444e-04
 1.000000e-03
 1.000000e-03
 1.000000e-03
 1.001000e-03
 1.001500e-03
 1.004000e-03
 1.004444e-03
 1.005000e-03
 1.005000e-03
 1.005000e-03
 1.006000e-03
 1.006500e-03
 1.009000e-03
 1.009444e-03
 1.010000e-03
 1.010000e-03
 1.010000e-03
 1.011000e-03
 1.011500e-03
 1.014000e-03
 1.014444e-03
 1.015000e-03
 1.015000e-03
 1.015000e-03
 1.016000e-03
 1.016500e-03
 1.019000e-03
 1.019444e-03
 1.020000e-03
 1.020000e-03
 1.020000e-03
 1.021000e-03
 1.021500e-03
 1.024000e-03
 1.024444e-03
 1.025000e-03
 1.025000e-03
 1.025000e-03
 1.026000e-03
 1.026500e-03
 1.029000e-03
 1.029444e-03
 1.030000e-03
 1.030000e-03
 1.030000e-03
 1.031000e-03
 1.031500e-03
 1.034000e-03
 1.034444e-03
 1.035000e-03
 1.035000e-03
 1.035000e-03
 1.036000e-03
 1.036500e-03
 1.039000e-03
 1.039444e-03
 1.040000e-03
 1.040000e-03
 1.040000e-03
 1.041000e-03
 1.041500e-03
 1.044000e-03
 1.044444e-03
 1.045000e-03
 1.045000e-03
 1.045000e-03
 1.046000e-03
 1.046500e-03
 1.049000e-03
 1.049444e-03
 1.050000e-03
 1.050000e-03
 1.050000e-03
 1.051000e-03
 1.051500e-03
 1.054000e-03
 1.054444e-03
 1.055000e-03
 1.055000e-03
 1.055000e-03
 1.056000e-03
 1.056500e-03
 1.059000e-03
 1.059444e-03
 1.060000e-03
 1.060000e-03
 1.060000e-03
 1.061000e-03
 1.061500e-03
 1.064000e-03
 1.064444e-03
 1.065000e-03
 1.065000e-03
 1.065000e-03
 1.066000e-03
 1.066500e-03
 1.069000e-03
 1.069444e-03
 1.070000e-03
 1.070000e-03
 1.070000e-03
 1.071000e-03
 1.071500e-03
 1.074000e-03
 1.074444e-03
 1.075000e-03
 1.075000e-03
 1.075000e-03
 1.076000e-03
 1.076500e-03
 1.079000e-03
 1.079444e-03
 1.080000e-03
 1.080000e-03
 1.080000e-03
 1.081000e-03
 1.081500e-03
 1.084000e-03
 1.084444e-03
 1.085000e-03
 1.085000e-03
 1.085000e-03
 1.086000e-03
 1.086500e-03
 1.089000e-03
 1.089444e-03
 1.090000e-03
 1.090000e-03
 1.090000e-03
 1.091000e-03
 1.091500e-03
 1.094000e-03
 1.094444e-03
 1.095000e-03
 1.095000e-03
 1.095000e-03
 1.096000e-03
 1.096500e-03
 1.099000e-03
 1.099444e-03
 1.100000e-03
 1.100000e-03
 1.100000e-03
 1.101000e-03
 1.101500e-03
 1.104000e-03
 1.104444e-03
 1.105000e-03
 1.105000e-03
 1.105000e-03
 1.106000e-03
 1.106500e-03
 1.109000e-03
 1.109444e-03
 1.110000e-03
 1.110000e-03
 1.110000e-03
 1.111000e-03
 1.111500e-03
 1.114000e-03
 1.114444e-03
 1.115000e-03
 1.115000e-03
 1.115000e-03
 1.116000e-03
 1.116500e-03
 1.119000e-03
 1.119444e-03
 1.120000e-03
 1.120000e-03
 1.120000e-03
 1.121000e-03
 1.121500e-03
 1.124000e-03
 1.124444e-03
 1.125000e-03
 1.125000e-03
 1.125000e-03
 1.126000e-03
 1.126500e-03
 1.129000e-03
 1.129444e-03
 1.130000e-03
 1.130000e-03
 1.130000e-03
 1.131000e-03
 1.131500e-03
 1.134000e-03
 1.134444e-03
 1.135000e-03
 1.135000e-03
 1.135000e-03
 1.136000e-03
 1.136500e-03
 1.139000e-03
 1.139444e-03
 1.140000e-03
 1.140000e-03
 1.140000e-03
 1.141000e-03
 1.141500e-03
 1.144000e-03
 1.144444e-03
 1.145000e-03
 1.145000e-03
 1.145000e-03
 1.146000e-03
 1.146500e-03
 1.149000e-03
 1.149444e-03
 1.150000e-03
 1.150000e-03
 1.150000e-03
 1.151000e-03
 1.151500e-03
 1.154000e-03
 1.154444e-03
 1.155000e-03
 1.155000e-03
 1.155000e-03
 1.156000e-03
 1.156500e-03
 1.159000e-03
 1.159444e-03
 1.160000e-03
 1.160000e-03
 1.160000e-03
 1.161000e-03
 1.161500e-03
 1.164000e-03
 1.164444e-03
 1.165000e-03
 1.165000e-03
 1.165000e-03
 1.166000e-03
 1.166500e-03
 1.169000e-03
 1.169444e-03
 1.170000e-03
 1.170000e-03
 1.170000e-03
 1.171000e-03
 1.171500e-03
 1.174000e-03
 1.174444e-03
 1.175000e-03
 1.175000e-03
 1.175000e-03
 1.176000e-03
 1.176500e-03
 1.179000e-03
 1.179444e-03
 1.180000e-03
 1.180000e-03
 1.180000e-03
 1.181000e-03
 1.181500e-03
 1.184000e-03
 1.184444e-03
 1.185000e-03
 1.185000e-03
 1.185000e-03
 1.186000e-03
 1.186500e-03
 1.189000e-03
 1.189444e-03
 1.190000e-03
 1.190000e-03
 1.190000e-03
 1.191000e-03
 1.191500e-03
 1.194000e-03
 1.194444e-03
 1.195000e-03
 1.195000e-03
 1.195000e-03
 1.196000e-03
 1.196500e-03
 1.199000e-03
 1.199444e-03
 1.200000e-03
 1.200000e-03
 1.200000e-03
 1.201000e-03
 1.201500e-03
 1.204000e-03
 1.204444e-03
 1.205000e-03
 1.205000e-03
 1.205000e-03
 1.206000e-03
 1.206500e-03
 1.209000e-03
 1.209444e-03
 1.210000e-03
 1.210000e-03
 1.210000e-03
 1.211000e-03
 1.211500e-03
 1.214000e-03
 1.214444e-03
 1.215000e-03
 1.215000e-03
 1.215000e-03
 1.216000e-03
 1.216500e-03
 1.219000e-03
 1.219444e-03
 1.220000e-03
 1.220000e-03
 1.217078e-03
 1.217078e-03
 1.217078e-03
 1.217078e-03
 1.217078e-03
 1.217078e-03
 1.217663e-03
 1.217955e-03
 1.219416e-03
 1.219675e-03
 1.220000e-03
 1.220000e-03
 1.220000e-03
 1.220584e-03
 1.220876e-03
 1.222337e-03
 1.222597e-03
 1.222922e-03
 1.222922e-03
 1.222922e-03
 1.223337e-03
 1.223545e-03
 1.224584e-03
 1.224769e-03
 1.225000e-03
 1.225000e-03
 1.225000e-03
 1.226000e-03
 1.226500e-03
 1.229000e-03
 1.229444e-03
 1.230000e-03
 1.230000e-03
 1.230000e-03
 1.231000e-03
 1.231500e-03
 1.234000e-03
 1.234444e-03
 1.235000e-03
 1.235000e-03
 1.235000e-03
 1.236000e-03
 1.236500e-03
 1.239000e-03
 1.239444e-03
 1.240000e-03
 1.240000e-03
 1.240000e-03
 1.241000e-03
 1.241500e-03
 1.244000e-03
 1.244444e-03
 1.245000e-03
 1.245000e-03
 1.240085e-03
 1.240085e-03
 1.240085e-03
 1.240085e-03
 1.240085e-03
 1.240085e-03
 1.241068e-03
 1.241559e-03
 1.244017e-03
 1.244454e-03
 1.245000e-03
 1.245000e-03
 1.245000e-03
 1.246000e-03
 1.246500e-03
 1.249000e-03
 1.249444e-03
 1.250000e-03
 1.250000e-03
 1.250000e-03
 1.251000e-03
 1.251500e-03
 1.254000e-03
 1.254444e-03
 1.255000e-03
 1.255000e-03
 1.255000e-03
 1.256000e-03
 1.256500e-03
 1.259000e-03
 1.259444e-03
 1.260000e-03
 1.260000e-03
 1.260000e-03
 1.261000e-03
 1.261500e-03
 1.264000e-03
 1.264444e-03
 1.265000e-03
 1.265000e-03
 1.265000e-03
 1.266000e-03
 1.266500e-03
 1.269000e-03
 1.269444e-03
 1.270000e-03
 1.270000e-03
 1.270000e-03
 1.271000e-03
 1.271500e-03
 1.274000e-03
 1.274444e-03
 1.275000e-03
 1.275000e-03
 1.275000e-03
 1.276000e-03
 1.276500e-03
 1.279000e-03
 1.279444e-03
 1.280000e-03
 1.280000e-03
 1.280000e-03
 1.281000e-03
 1.281500e-03
 1.284000e-03
 1.284444e-03
 1.285000e-03
 1.285000e-03
 1.285000e-03
 1.286000e-03
 1.286500e-03
 1.289000e-03
 1.289444e-03
 1.290000e-03
 1.290000e-03
 1.290000e-03
 1.291000e-03
 1.291500e-03
 1.294000e-03
 1.294444e-03
 1.295000e-03
 1.295000e-03
 1.295000e-03
 1.296000e-03
 1.296500e-03
 1.299000e-03
 1.299444e-03
 1.300000e-03
 1.300000e-03
 1.300000e-03
 1.301000e-03
 1.301500e-03
 1.304000e-03
 1.304444e-03
 1.305000e-03
 1.305000e-03
 1.305000e-03
 1.306000e-03
 1.306500e-03
 1.309000e-03
 1.309444e-03
 1.310000e-03
 1.310000e-03
 1.310000e-03
 1.311000e-03
 1.311500e-03
 1.314000e-03
 1.314444e-03
 1.315000e-03
 1.315000e-03
 1.315000e-03
 1.316000e-03
 1.316500e-03
 1.319000e-03
 1.319444e-03
 1.320000e-03
 1.320000e-03
 1.320000e-03
 1.321000e-03
 1.321500e-03
 1.324000e-03
 1.324444e-03
 1.325000e-03
 1.325000e-03
 1.325000e-03
 1.326000e-03
 1.326500e-03
 1.329000e-03
 1.329444e-03
 1.330000e-03
 1.330000e-03
 1.330000e-03
 1.331000e-03
 1.331500e-03
 1.334000e-03
 1.334444e-03
 1.335000e-03
 1.335000e-03
 1.335000e-03
 1.336000e-03
 1.336500e-03
 1.339000e-03
 1.339444e-03
 1.340000e-03
 1.340000e-03
 1.340000e-03
 1.341000e-03
 1.341500e-03
 1.344000e-03
 1.344444e-03
 1.345000e-03
 1.345000e-03
 1.345000e-03
 1.346000e-03
 1.346500e-03
 1.349000e-03
 1.349444e-03
 1.350000e-03
 1.350000e-03
 1.350000e-03
 1.351000e-03
 1.351500e-03
 1.354000e-03
 1.354444e-03
 1.355000e-03
 1.355000e-03
 1.355000e-03
 1.356000e-03
 1.356500e-03
 1.359000e-03
 1.359444e-03
 1.360000e-03
 1.360000e-03
 1.360000e-03
 1.361000e-03
 1.361500e-03
 1.364000e-03
 1.364444e-03
 1.365000e-03
 1.365000e-03
 1.365000e-03
 1.366000e-03
 1.366500e-03
 1.369000e-03
 1.369444e-03
 1.370000e-03
 1.370000e-03
 1.370000e-03
 1.371000e-03
 1.371500e-03
 1.374000e-03
 1.374444e-03
 1.375000e-03
 1.375000e-03
 1.375000e-03
 1.376000e-03
 1.376500e-03
 1.379000e-03
 1.379444e-03
 1.380000e-03
 1.380000e-03
 1.380000e-03
 1.381000e-03
 1.381500e-03
 1.384000e-03
 1.384444e-03
 1.385000e-03
 1.385000e-03
 1.385000e-03
 1.386000e-03
 1.386500e-03
 1.389000e-03
 1.389444e-03
 1.390000e-03
 1.390000e-03
 1.390000e-03
 1.391000e-03
 1.391500e-03
 1.394000e-03
 1.394444e-03
 1.395000e-03
 1.395000e-03
 1.395000e-03
 1.396000e-03
 1.396500e-03
 1.399000e-03
 1.399444e-03
 1.400000e-03
 1.400000e-03
 1.400000e-03
 1.401000e-03
 1.401500e-03
 1.404000e-03
 1.404444e-03
 1.405000e-03
 1.405000e-03
 1.405000e-03
 1.406000e-03
 1.406500e-03
 1.409000e-03
 1.409444e-03
 1.410000e-03
 1.410000e-03
 1.410000e-03
 1.411000e-03
 1.411500e-03
 1.414000e-03
 1.414444e-03
 1.415000e-03
 1.415000e-03
 1.415000e-03
 1.416000e-03
 1.416500e-03
 1.419000e-03
 1.419444e-03
 1.420000e-03
 1.420000e-03
 1.420000e-03
 1.421000e-03
 1.421500e-03
 1.424000e-03
 1.424444e-03
 1.425000e-03
 1.425000e-03
 1.425000e-03
 1.426000e-03
 1.426500e-03
 1.429000e-03
 1.429444e-03
 1.430000e-03
 1.430000e-03
 1.430000e-03
 1.431000e-03
 1.431500e-03
 1.434000e-03
 1.434444e-03
 1.435000e-03
 1.435000e-03
 1.435000e-03
 1.436000e-03
 1.436500e-03
 1.439000e-03
 1.439444e-03
 1.440000e-03
 1.440000e-03
 1.440000e-03
 1.441000e-03
 1.441500e-03
 1.444000e-03
 1.444444e-03
 1.445000e-03
 1.445000e-03
 1.445000e-03
 1.446000e-03
 1.446500e-03
 1.449000e-03
 1.449444e-03
 1.450000e-03
 1.450000e-03
 1.450000e-03
 1.451000e-03
 1.451500e-03
 1.454000e-03
 1.454444e-03
 1.455000e-03
 1.455000e-03
 1.455000e-03
 1.456000e-03
 1.456500e-03
 1.459000e-03
 1.459444e-03
 1.460000e-03
 1.460000e-03
 1.460000e-03
 1.461000e-03
 1.461500e-03
 1.464000e-03
 1.464444e-03
 1.465000e-03
 1.465000e-03
 1.465000e-03
 1.466000e-03
 1.466500e-03
 1.469000e-03
 1.469444e-03
 1.470000e-03
 1.470000e-03
 1.470000e-03
 1.471000e-03
 1.471500e-03
 1.474000e-03
 1.474444e-03
 1.475000e-03
 1.475000e-03
 1.475000e-03
 1.476000e-03
 1.476500e-03
 1.479000e-03
 1.479444e-03
 1.480000e-03
 1.480000e-03
 1.480000e-03
 1.481000e-03
 1.481500e-03
 1.484000e-03
 1.484444e-03
 1.485000e-03
 1.485000e-03
 1.485000e-03
 1.486000e-03
 1.486500e-03
 1.489000e-03
 1.489444e-03
 1.490000e-03
 1.490000e-03
 1.490000e-03
 1.491000e-03
 1.491500e-03
 1.494000e-03
 1.494444e-03
 1.495000e-03
 1.495000e-03
 1.495000e-03
 1.496000e-03
 1.496500e-03
 1.499000e-03
 1.499444e-03
 1.500000e-03
 1.500000e-03
 1.500000e-03
 1.501000e-03
 1.501500e-03
 1.504000e-03
 1.504444e-03
 1.505000e-03
 1.505000e-03
 1.505000e-03
 1.506000e-03
 1.506500e-03
 1.509000e-03
 1.509444e-03
 1.510000e-03
 1.510000e-03
 1.510000e-03
 1.511000e-03
 1.511500e-03
 1.514000e-03
 1.514444e-03
 1.515000e-03
 1.515000e-03
 1.515000e-03
 1.516000e-03
 1.516500e-03
 1.519000e-03
 1.519444e-03
 1.520000e-03
 1.520000e-03
 1.520000e-03
 1.521000e-03
 1.521500e-03
 1.524000e-03
 1.524444e-03
 1.525000e-03
 1.525000e-03
 1.525000e-03
 1.526000e-03
 1.526500e-03
 1.529000e-03
 1.529444e-03
 1.530000e-03
 1.530000e-03
 1.530000e-03
 1.531000e-03
 1.531500e-03
 1.534000e-03
 1.534444e-03
 1.535000e-03
 1.535000e-03
 1.535000e-03
 1.536000e-03
 1.536500e-03
 1.539000e-03
 1.539444e-03
 1.540000e-03
 1.540000e-03
 1.540000e-03
 1.541000e-03
 1.541500e-03
 1.544000e-03
 1.544444e-03
 1.545000e-03
 1.545000e-03
 1.545000e-03
 1.546000e-03
 1.546500e-03
 1.549000e-03
 1.549444e-03
 1.550000e-03
 1.550000e-03
 1.550000e-03
 1.551000e-03
 1.551500e-03
 1.554000e-03
 1.554444e-03
 1.555000e-03
 1.555000e-03
 1.555000e-03
 1.556000e-03
 1.556500e-03
 1.559000e-03
 1.559444e-03
 1.560000e-03
 1.560000e-03
 1.560000e-03
 1.561000e-03
 1.561500e-03
 1.564000e-03
 1.564444e-03
 1.565000e-03
 1.565000e-03
 1.565000e-03
 1.566000e-03
 1.566500e-03
 1.569000e-03
 1.569444e-03
 1.570000e-03
 1.570000e-03
 1.570000e-03
 1.571000e-03
 1.571500e-03
 1.574000e-03
 1.574444e-03
 1.575000e-03
 1.575000e-03
 1.575000e-03
 1.576000e-03
 1.576500e-03
 1.579000e-03
 1.579444e-03
 1.580000e-03
 1.580000e-03
 1.580000e-03
 1.581000e-03
 1.581500e-03
 1.584000e-03
 1.584444e-03
 1.585000e-03
 1.585000e-03
 1.585000e-03
 1.586000e-03
 1.586500e-03
 1.589000e-03
 1.589444e-03
 1.590000e-03
 1.590000e-03
 1.590000e-03
 1.591000e-03
 1.591500e-03
 1.594000e-03
 1.594444e-03
 1.595000e-03
 1.595000e-03
 1.595000e-03
 1.596000e-03
 1.596500e-03
 1.599000e-03
 1.599444e-03
 1.600000e-03
 1.600000e-03
 1.600000e-03
 1.601000e-03
 1.601500e-03
 1.604000e-03
 1.604444e-03
 1.605000e-03
 1.605000e-03
 1.605000e-03
 1.606000e-03
 1.606500e-03
 1.609000e-03
 1.609444e-03
 1.610000e-03
 1.610000e-03
 1.610000e-03
 1.611000e-03
 1.611500e-03
 1.614000e-03
 1.614444e-03
 1.615000e-03
 1.615000e-03
 1.615000e-03
 1.616000e-03
 1.616500e-03
 1.619000e-03
 1.619444e-03
 1.620000e-03
 1.620000e-03
 1.620000e-03
 1.621000e-03
 1.621500e-03
 1.624000e-03
 1.624444e-03
 1.625000e-03
 1.625000e-03
 1.625000e-03
 1.626000e-03
 1.626500e-03
 1.629000e-03
 1.629444e-03
 1.630000e-03
 1.630000e-03
 1.630000e-03
 1.631000e-03
 1.631500e-03
 1.634000e-03
 1.634444e-03
 1.635000e-03
 1.635000e-03
 1.635000e-03
 1.636000e-03
 1.636500e-03
 1.639000e-03
 1.639444e-03
 1.640000e-03
 1.640000e-03
 1.640000e-03
 1.641000e-03
 1.641500e-03
 1.644000e-03
 1.644444e-03
 1.645000e-03
 1.645000e-03
 1.645000e-03
 1.646000e-03
 1.646500e-03
 1.649000e-03
 1.649444e-03
 1.650000e-03
 1.650000e-03
 1.650000e-03
 1.651000e-03
 1.651500e-03
 1.654000e-03
 1.654444e-03
 1.655000e-03
 1.655000e-03
 1.655000e-03
 1.656000e-03
 1.656500e-03
 1.659000e-03
 1.659444e-03
 1.660000e-03
 1.660000e-03
 1.660000e-03
 1.661000e-03
 1.661500e-03
 1.664000e-03
 1.664444e-03
 1.665000e-03
 1.665000e-03
 1.665000e-03
 1.666000e-03
 1.666500e-03
 1.669000e-03
 1.669444e-03
 1.670000e-03
 1.670000e-03
 1.670000e-03
 1.671000e-03
 1.671500e-03
 1.674000e-03
 1.674444e-03
 1.675000e-03
 1.675000e-03
 1.675000e-03
 1.676000e-03
 1.676500e-03
 1.679000e-03
 1.679444e-03
 1.680000e-03
 1.680000e-03
 1.680000e-03
 1.681000e-03
 1.681500e-03
 1.684000e-03
 1.684444e-03
 1.685000e-03
 1.685000e-03
 1.685000e-03
 1.686000e-03
 1.686500e-03
 1.689000e-03
 1.689444e-03
 1.690000e-03
 1.690000e-03
 1.690000e-03
 1.691000e-03
 1.691500e-03
 1.694000e-03
 1.694444e-03
 1.695000e-03
 1.695000e-03
 1.695000e-03
 1.696000e-03
 1.696500e-03
 1.699000e-03
 1.699444e-03
 1.700000e-03
 1.700000e-03
 1.700000e-03
 1.701000e-03
 1.701500e-03
 1.704000e-03
 1.704444e-03
 1.705000e-03
 1.705000e-03
 1.705000e-03
 1.706000e-03
 1.706500e-03
 1.709000e-03
 1.709444e-03
 1.710000e-03
 1.710000e-03
 1.710000e-03
 1.711000e-03
 1.711500e-03
 1.714000e-03
 1.714444e-03
 1.715000e-03
 1.715000e-03
 1.715000e-03
 1.716000e-03
 1.716500e-03
 1.719000e-03
 1.719444e-03
 1.720000e-03
 1.720000e-03
 1.720000e-03
 1.721000e-03
 1.721500e-03
 1.724000e-03
 1.724444e-03
 1.725000e-03
 1.725000e-03
 1.725000e-03
 1.726000e-03
 1.726500e-03
 1.729000e-03
 1.729444e-03
 1.730000e-03
 1.730000e-03
 1.730000e-03
 1.731000e-03
 1.731500e-03
 1.734000e-03
 1.734444e-03
 1.735000e-03
 1.735000e-03
 1.735000e-03
 1.736000e-03
 1.736500e-03
 1.739000e-03
 1.739444e-03
 1.740000e-03
 1.740000e-03
 1.740000e-03
 1.741000e-03
 1.741500e-03
 1.744000e-03
 1.744444e-03
 1.745000e-03
 1.745000e-03
 1.745000e-03
 1.746000e-03
 1.746500e-03
 1.749000e-03
 1.749444e-03
 1.750000e-03
 1.750000e-03
 1.750000e-03
 1.751000e-03
 1.751500e-03
 1.754000e-03
 1.754444e-03
 1.755000e-03
 1.755000e-03
 1.755000e-03
 1.756000e-03
 1.756500e-03
 1.759000e-03
 1.759444e-03
 1.760000e-03
 1.760000e-03
 1.760000e-03
 1.761000e-03
 1.761500e-03
 1.764000e-03
 1.764444e-03
 1.765000e-03
 1.765000e-03
 1.765000e-03
 1.766000e-03
 1.766500e-03
 1.769000e-03
 1.769444e-03
 1.770000e-03
 1.770000e-03
 1.770000e-03
 1.771000e-03
 1.771500e-03
 1.774000e-03
 1.774444e-03
 1.775000e-03
 1.775000e-03
 1.775000e-03
 1.776000e-03
 1.776500e-03
 1.779000e-03
 1.779444e-03
 1.780000e-03
 1.780000e-03
 1.780000e-03
 1.781000e-03
 1.781500e-03
 1.784000e-03
 1.784444e-03
 1.785000e-03
 1.785000e-03
 1.785000e-03
 1.786000e-03
 1.786500e-03
 1.789000e-03
 1.789444e-03
 1.790000e-03
 1.790000e-03
 1.790000e-03
 1.791000e-03
 1.791500e-03
 1.794000e-03
 1.794444e-03
 1.795000e-03
 1.795000e-03
 1.795000e-03
 1.796000e-03
 1.796500e-03
 1.799000e-03
 1.799444e-03
 1.800000e-03
 1.800000e-03
 1.800000e-03
 1.801000e-03
 1.801500e-03
 1.804000e-03
 1.804444e-03
 1.805000e-03
 1.805000e-03
 1.805000e-03
 1.806000e-03
 1.806500e-03
 1.809000e-03
 1.809444e-03
 1.810000e-03
 1.810000e-03
 1.810000e-03
 1.811000e-03
 1.811500e-03
 1.814000e-03
 1.814444e-03
 1.815000e-03
 1.815000e-03
 1.815000e-03
 1.816000e-03
 1.816500e-03
 1.819000e-03
 1.819444e-03
 1.820000e-03
 1.820000e-03
 1.820000e-03
 1.821000e-03
 1.821500e-03
 1.824000e-03
 1.824444e-03
 1.825000e-03
 1.825000e-03
 1.825000e-03
 1.826000e-03
 1.826500e-03
 1.829000e-03
 1.829444e-03
 1.830000e-03
 1.830000e-03
 1.830000e-03
 1.831000e-03
 1.831500e-03
 1.834000e-03
 1.834444e-03
 1.835000e-03
 1.835000e-03
 1.835000e-03
 1.836000e-03
 1.836500e-03
 1.839000e-03
 1.839444e-03
 1.840000e-03
 1.840000e-03
 1.840000e-03
 1.841000e-03
 1.841500e-03
 1.844000e-03
 1.844444e-03
 1.845000e-03
 1.845000e-03
 1.845000e-03
 1.846000e-03
 1.846500e-03
 1.849000e-03
 1.849444e-03
 1.850000e-03
 1.850000e-03
 1.850000e-03
 1.851000e-03
 1.851500e-03
 1.854000e-03
 1.854444e-03
 1.855000e-03
 1.855000e-03
 1.855000e-03
 1.856000e-03
 1.856500e-03
 1.859000e-03
 1.859444e-03
 1.860000e-03
 1.860000e-03
 1.860000e-03
 1.861000e-03
 1.861500e-03
 1.864000e-03
 1.864444e-03
 1.865000e-03
 1.865000e-03
 1.865000e-03
 1.866000e-03
 1.866500e-03
 1.869000e-03
 1.869444e-03
 1.870000e-03
 1.870000e-03
 1.870000e-03
 1.871000e-03
 1.871500e-03
 1.874000e-03
 1.874444e-03
 1.875000e-03
 1.875000e-03
 1.875000e-03
 1.876000e-03
 1.876500e-03
 1.879000e-03
 1.879444e-03
 1.880000e-03
 1.880000e-03
 1.880000e-03
 1.881000e-03
 1.881500e-03
 1.884000e-03
 1.884444e-03
 1.885000e-03
 1.885000e-03
 1.885000e-03
 1.886000e-03
 1.886500e-03
 1.889000e-03
 1.889444e-03
 1.890000e-03
 1.890000e-03
 1.890000e-03
 1.891000e-03
 1.891500e-03
 1.894000e-03
 1.894444e-03
 1.895000e-03
 1.895000e-03
 1.895000e-03
 1.896000e-03
 1.896500e-03
 1.899000e-03
 1.899444e-03
 1.900000e-03
 1.900000e-03
 1.900000e-03
 1.901000e-03
 1.901500e-03
 1.904000e-03
 1.904444e-03
 1.905000e-03
 1.905000e-03
 1.905000e-03
 1.906000e-03
 1.906500e-03
 1.909000e-03
 1.909444e-03
 1.910000e-03
 1.910000e-03
 1.910000e-03
 1.911000e-03
 1.911500e-03
 1.914000e-03
 1.914444e-03
 1.915000e-03
 1.915000e-03
 1.915000e-03
 1.916000e-03
 1.916500e-03
 1.919000e-03
 1.919444e-03
 1.920000e-03
 1.920000e-03
 1.920000e-03
 1.921000e-03
 1.921500e-03
 1.924000e-03
 1.924444e-03
 1.925000e-03
 1.925000e-03
 1.925000e-03
 1.926000e-03
 1.926500e-03
 1.929000e-03
 1.929444e-03
 1.930000e-03
 1.930000e-03
 1.930000e-03
 1.931000e-03
 1.931500e-03
 1.934000e-03
 1.934444e-03
 1.935000e-03
 1.935000e-03
 1.935000e-03
 1.936000e-03
 1.936500e-03
 1.939000e-03
 1.939444e-03
 1.940000e-03
 1.940000e-03
 1.940000e-03
 1.941000e-03
 1.941500e-03
 1.944000e-03
 1.944444e-03
 1.945000e-03
 1.945000e-03
 1.945000e-03
 1.946000e-03
 1.946500e-03
 1.949000e-03
 1.949444e-03
 1.950000e-03
 1.950000e-03
 1.950000e-03
 1.951000e-03
 1.951500e-03
 1.954000e-03
 1.954444e-03
 1.955000e-03
 1.955000e-03
 1.955000e-03
 1.956000e-03
 1.956500e-03
 1.959000e-03
 1.959444e-03
 1.960000e-03
 1.960000e-03
 1.960000e-03
 1.961000e-03
 1.961500e-03
 1.964000e-03
 1.964444e-03
 1.965000e-03
 1.965000e-03
 1.965000e-03
 1.966000e-03
 1.966500e-03
 1.969000e-03
 1.969444e-03
 1.970000e-03
 1.970000e-03
 1.970000e-03
 1.971000e-03
 1.971500e-03
 1.974000e-03
 1.974444e-03
 1.975000e-03
 1.975000e-03
 1.975000e-03
 1.976000e-03
 1.976500e-03
 1.979000e-03
 1.979444e-03
 1.980000e-03
 1.980000e-03
 1.980000e-03
 1.981000e-03
 1.981500e-03
 1.984000e-03
 1.984444e-03
 1.985000e-03
 1.985000e-03
 1.985000e-03
 1.986000e-03
 1.986500e-03
 1.989000e-03
 1.989444e-03
 1.990000e-03
 1.990000e-03
 1.990000e-03
 1.991000e-03
 1.991500e-03
 1.994000e-03
 1.994444e-03
 1.995000e-03
 1.995000e-03
 1.995000e-03
 1.996000e-03
 1.996500e-03
 1.999000e-03
 1.999444e-03
 2.000000e-03
 2.000000e-03
 2.000000e-03
 2.001000e-03
 2.001500e-03
 2.004000e-03
 2.004444e-03
 2.005000e-03
 2.005000e-03
 2.005000e-03
 2.006000e-03
 2.006500e-03
 2.009000e-03
 2.009444e-03
 2.010000e-03
 2.010000e-03
 2.010000e-03
 2.011000e-03
 2.011500e-03
 2.014000e-03
 2.014444e-03
 2.015000e-03
 2.015000e-03
 2.015000e-03
 2.016000e-03
 2.016500e-03
 2.019000e-03
 2.019444e-03
 2.020000e-03
 2.020000e-03
 2.020000e-03
 2.021000e-03
 2.021500e-03
 2.024000e-03
 2.024444e-03
 2.025000e-03
 2.025000e-03
 2.025000e-03
 2.026000e-03
 2.026500e-03
 2.029000e-03
 2.029444e-03
 2.030000e-03
 2.030000e-03
 2.030000e-03
 2.031000e-03
 2.031500e-03
 2.034000e-03
 2.034444e-03
 2.035000e-03
 2.035000e-03
 2.035000e-03
 2.036000e-03
 2.036500e-03
 2.039000e-03
 2.039444e-03
 2.040000e-03
 2.040000e-03
 2.040000e-03
 2.041000e-03
 2.041500e-03
 2.044000e-03
 2.044444e-03
 2.045000e-03
 2.045000e-03
 2.045000e-03
 2.046000e-03
 2.046500e-03
 2.049000e-03
 2.049444e-03
 2.050000e-03
 2.050000e-03
 2.050000e-03
 2.051000e-03
 2.051500e-03
 2.054000e-03
 2.054444e-03
 2.055000e-03
 2.055000e-03
 2.055000e-03
 2.056000e-03
 2.056500e-03
 2.059000e-03
 2.059444e-03
 2.060000e-03
 2.060000e-03
 2.060000e-03
 2.061000e-03
 2.061500e-03
 2.064000e-03
 2.064444e-03
 2.065000e-03
 2.065000e-03
 2.065000e-03
 2.066000e-03
 2.066500e-03
 2.069000e-03
 2.069444e-03
 2.070000e-03
 2.070000e-03
 2.070000e-03
 2.071000e-03
 2.071500e-03
 2.074000e-03
 2.074444e-03
 2.075000e-03
 2.075000e-03
 2.075000e-03
 2.076000e-03
 2.076500e-03
 2.079000e-03
 2.079444e-03
 2.080000e-03
 2.080000e-03
 2.080000e-03
 2.081000e-03
 2.081500e-03
 2.084000e-03
 2.084444e-03
 2.085000e-03
 2.085000e-03
 2.085000e-03
 2.086000e-03
 2.086500e-03
 2.089000e-03
 2.089444e-03
 2.090000e-03
 2.090000e-03
 2.090000e-03
 2.091000e-03
 2.091500e-03
 2.094000e-03
 2.094444e-03
 2.095000e-03
 2.095000e-03
 2.095000e-03
 2.096000e-03
 2.096500e-03
 2.099000e-03
 2.099444e-03
 2.100000e-03
 2.100000e-03
 2.100000e-03
 2.101000e-03
 2.101500e-03
 2.104000e-03
 2.104444e-03
 2.105000e-03
 2.105000e-03
 2.105000e-03
 2.106000e-03
 2.106500e-03
 2.109000e-03
 2.109444e-03
 2.110000e-03
 2.110000e-03
 2.110000e-03
 2.111000e-03
 2.111500e-03
 2.114000e-03
 2.114444e-03
 2.115000e-03
 2.115000e-03
 2.115000e-03
 2.116000e-03
 2.116500e-03
 2.119000e-03
 2.119444e-03
 2.120000e-03
 2.120000e-03
 2.120000e-03
 2.121000e-03
 2.121500e-03
 2.124000e-03
 2.124444e-03
 2.125000e-03
 2.125000e-03
 2.125000e-03
 2.126000e-03
 2.126500e-03
 2.129000e-03
 2.129444e-03
 2.130000e-03
 2.130000e-03
 2.130000e-03
 2.131000e-03
 2.131500e-03
 2.134000e-03
 2.134444e-03
 2.135000e-03
 2.135000e-03
 2.135000e-03
 2.136000e-03
 2.136500e-03
 2.139000e-03
 2.139444e-03
 2.140000e-03
 2.140000e-03
 2.140000e-03
 2.141000e-03
 2.141500e-03
 2.144000e-03
 2.144444e-03
 2.145000e-03
 2.145000e-03
