 0
 0
 0
 1.648541e-02
 -7.288568e-01
 7.123713e-01
 0
 -2.828427e+02
 2.828427e+02
 0
 -2.828427e+02
 2.828427e+02
 0
 -2.828427e+02
 2.828427e+02
 0
 -2.828427e+02
 2.828427e+02
 0
 -2.828427e+02
 2.828427e+02
 0
 -2.828427e+02
 2.828427e+02
 0
 -2.828427e+02
 2.828427e+02
 0
 -2.828427e+02
 2.828427e+02
 0
 -2.828427e+02
 2.828427e+02
 0
 -2.828427e+02
 2.828427e+02
 0
 -2.828427e+02
 2.828427e+02
 0
 -2.828427e+02
 2.828427e+02
 0
 -2.828427e+02
 2.828427e+02
 0
 -2.828427e+02
 2.828427e+02
 0
 -2.828427e+02
 2.828427e+02
 0
 -2.828427e+02
 2.828427e+02
 0
 -2.828427e+02
 2.828427e+02
 0
 -2.828427e+02
 2.828427e+02
 0
 -2.828427e+02
 2.828427e+02
 0
 -2.828427e+02
 2.828427e+02
 0
 -2.828427e+02
 2.828427e+02
 0
 -2.828427e+02
 2.828427e+02
 0
 -2.828427e+02
 2.828427e+02
 0
 -2.828427e+02
 2.828427e+02
 0
 -2.828427e+02
 2.828427e+02
 0
 -2.828427e+02
 2.828427e+02
 0
 -2.828427e+02
 2.828427e+02
 0
 -2.828427e+02
 2.828427e+02
 0
 -2.828427e+02
 2.828427e+02
 0
 -2.828427e+02
 2.828427e+02
 0
 -2.828427e+02
 2.828427e+02
 0
 -2.828427e+02
 2.828427e+02
 0
 -2.828427e+02
 2.828427e+02
 0
 -2.828427e+02
 2.828427e+02
 0
 -2.828427e+02
 2.828427e+02
 0
 -2.828427e+02
 2.828427e+02
 0
 -2.828427e+02
 2.828427e+02
 0
 -2.828427e+02
 2.828427e+02
 0
 -2.828427e+02
 2.828427e+02
 0
 -2.828427e+02
 2.828427e+02
 0
 -2.828427e+02
 2.828427e+02
 0
 -2.828427e+02
 2.828427e+02
 0
 -2.828427e+02
 2.828427e+02
 0
 -2.828427e+02
 2.828427e+02
 0
 -2.828427e+02
 2.828427e+02
 0
 -2.828427e+02
 2.828427e+02
 0
 -2.828427e+02
 2.828427e+02
 0
 -2.828427e+02
 2.828427e+02
 0
 -2.828427e+02
 2.828427e+02
 0
 -2.828427e+02
 2.828427e+02
 0
 -2.828427e+02
 2.828427e+02
 0
 -2.828427e+02
 2.828427e+02
 0
 -2.828427e+02
 2.828427e+02
 0
 -2.828427e+02
 2.828427e+02
 0
 -2.828427e+02
 2.828427e+02
 0
 -2.828427e+02
 2.828427e+02
 0
 -2.828427e+02
 2.828427e+02
 0
 -2.828427e+02
 2.828427e+02
 0
 -2.828427e+02
 2.828427e+02
 0
 -2.828427e+02
 2.828427e+02
 0
 -2.828427e+02
 2.828427e+02
 0
 -2.828427e+02
 2.828427e+02
 0
 -2.828427e+02
 2.828427e+02
 0
 -2.828427e+02
 2.828427e+02
 0
 -2.828427e+02
 2.828427e+02
 0
 -2.828427e+02
 2.828427e+02
 0
 -2.828427e+02
 2.828427e+02
 0
 -2.828427e+02
 2.828427e+02
 0
 -2.828427e+02
 2.828427e+02
 0
 -2.828427e+02
 2.828427e+02
 0
 -2.828427e+02
 2.828427e+02
 0
 -2.828427e+02
 2.828427e+02
 0
 -2.828427e+02
 2.828427e+02
 0
 -2.828427e+02
 2.828427e+02
 0
 -2.828427e+02
 2.828427e+02
 0
 -2.828427e+02
 2.828427e+02
 0
 -2.828427e+02
 2.828427e+02
 0
 -2.828427e+02
 2.828427e+02
 0
 -2.828427e+02
 2.828427e+02
 0
 -2.828427e+02
 2.828427e+02
 0
 -2.828427e+02
 2.828427e+02
 0
 -2.828427e+02
 2.828427e+02
 0
 -2.828427e+02
 2.828427e+02
 0
 -2.828427e+02
 2.828427e+02
 0
 -2.828427e+02
 2.828427e+02
 0
 -2.828427e+02
 2.828427e+02
 0
 -2.828427e+02
 2.828427e+02
 0
 -2.828427e+02
 2.828427e+02
 0
 -2.828427e+02
 2.828427e+02
 0
 -2.828427e+02
 2.828427e+02
 0
 -2.828427e+02
 2.828427e+02
 0
 -2.828427e+02
 2.828427e+02
 0
 -2.828427e+02
 2.828427e+02
 0
 -2.828427e+02
 2.828427e+02
 0
 -2.828427e+02
 2.828427e+02
 0
 -2.828427e+02
 2.828427e+02
 0
 -2.828427e+02
 2.828427e+02
 0
 -2.828427e+02
 2.828427e+02
 0
 -2.828427e+02
 2.828427e+02
 0
 -2.828427e+02
 2.828427e+02
 2.950877e-02
 -1.297639e+00
 1.268130e+00
 5.130197e-01
 -2.830989e+02
 2.825859e+02
 5.130197e-01
 -2.830989e+02
 2.825859e+02
 5.130197e-01
 -2.830989e+02
 2.825859e+02
 5.130197e-01
 -2.830989e+02
 2.825859e+02
 5.130197e-01
 -2.830989e+02
 2.825859e+02
 5.130197e-01
 -2.830989e+02
 2.825859e+02
 2.878786e-02
 -1.262995e+00
 1.234206e+00
 1.026038e+00
 -2.833543e+02
 2.823283e+02
 1.026038e+00
 -2.833543e+02
 2.823283e+02
 1.026038e+00
 -2.833543e+02
 2.823283e+02
 1.026038e+00
 -2.833543e+02
 2.823283e+02
 1.026038e+00
 -2.833543e+02
 2.823283e+02
 1.026038e+00
 -2.833543e+02
 2.823283e+02
 2.808444e-02
 -1.229263e+00
 1.201177e+00
 1.539054e+00
 -2.836091e+02
 2.820700e+02
 1.539054e+00
 -2.836091e+02
 2.820700e+02
 1.539054e+00
 -2.836091e+02
 2.820700e+02
 1.539054e+00
 -2.836091e+02
 2.820700e+02
 1.539054e+00
 -2.836091e+02
 2.820700e+02
 1.539054e+00
 -2.836091e+02
 2.820700e+02
 2.739789e-02
 -1.196420e+00
 1.169018e+00
 2.052066e+00
 -2.838632e+02
 2.818111e+02
 2.052066e+00
 -2.838632e+02
 2.818111e+02
 2.052066e+00
 -2.838632e+02
 2.818111e+02
 2.052066e+00
 -2.838632e+02
 2.818111e+02
 2.052066e+00
 -2.838632e+02
 2.818111e+02
 2.052066e+00
 -2.838632e+02
 2.818111e+02
 2.672765e-02
 -1.164442e+00
 1.137708e+00
 2.565073e+00
 -2.841165e+02
 2.815515e+02
 2.565073e+00
 -2.841165e+02
 2.815515e+02
 2.565073e+00
 -2.841165e+02
 2.815515e+02
 2.565073e+00
 -2.841165e+02
 2.815515e+02
 2.565073e+00
 -2.841165e+02
 2.815515e+02
 2.565073e+00
 -2.841165e+02
 2.815515e+02
 2.607324e-02
 -1.133306e+00
 1.107223e+00
 3.078074e+00
 -2.843692e+02
 2.812911e+02
 3.078074e+00
 -2.843692e+02
 2.812911e+02
 3.078074e+00
 -2.843692e+02
 2.812911e+02
 3.078074e+00
 -2.843692e+02
 2.812911e+02
 3.078074e+00
 -2.843692e+02
 2.812911e+02
 3.078074e+00
 -2.843692e+02
 2.812911e+02
 2.543420e-02
 -1.102991e+00
 1.077542e+00
 3.591067e+00
 -2.846211e+02
 2.810301e+02
 3.591067e+00
 -2.846211e+02
 2.810301e+02
 3.591067e+00
 -2.846211e+02
 2.810301e+02
 3.591067e+00
 -2.846211e+02
 2.810301e+02
 3.591067e+00
 -2.846211e+02
 2.810301e+02
 3.591067e+00
 -2.846211e+02
 2.810301e+02
 2.481013e-02
 -1.073474e+00
 1.048644e+00
 4.104051e+00
 -2.848724e+02
 2.807684e+02
 4.104051e+00
 -2.848724e+02
 2.807684e+02
 4.104051e+00
 -2.848724e+02
 2.807684e+02
 4.104051e+00
 -2.848724e+02
 2.807684e+02
 4.104051e+00
 -2.848724e+02
 2.807684e+02
 4.104051e+00
 -2.848724e+02
 2.807684e+02
 2.420060e-02
 -1.044735e+00
 1.020509e+00
 4.617026e+00
 -2.851230e+02
 2.805059e+02
 4.617026e+00
 -2.851230e+02
 2.805059e+02
 4.617026e+00
 -2.851230e+02
 2.805059e+02
 4.617026e+00
 -2.851230e+02
 2.805059e+02
 4.617026e+00
 -2.851230e+02
 2.805059e+02
 4.617026e+00
 -2.851230e+02
 2.805059e+02
 4.617026e+00
 -2.851230e+02
 2.805059e+02
 4.617026e+00
 -2.851230e+02
 2.805059e+02
 4.617026e+00
 -2.851230e+02
 2.805059e+02
 2.360523e-02
 -1.016754e+00
 9.931158e-01
 5.129988e+00
 -2.853728e+02
 2.802428e+02
 5.129988e+00
 -2.853728e+02
 2.802428e+02
 5.129988e+00
 -2.853728e+02
 2.802428e+02
 5.129988e+00
 -2.853728e+02
 2.802428e+02
 5.129988e+00
 -2.853728e+02
 2.802428e+02
 5.129988e+00
 -2.853728e+02
 2.802428e+02
 5.129988e+00
 -2.853728e+02
 2.802428e+02
 5.129988e+00
 -2.853728e+02
 2.802428e+02
 5.129988e+00
 -2.853728e+02
 2.802428e+02
 5.129988e+00
 -2.853728e+02
 2.802428e+02
 5.129988e+00
 -2.853728e+02
 2.802428e+02
 5.129988e+00
 -2.853728e+02
 2.802428e+02
 5.129988e+00
 -2.853728e+02
 2.802428e+02
 5.129988e+00
 -2.853728e+02
 2.802428e+02
 5.129988e+00
 -2.853728e+02
 2.802428e+02
 5.129988e+00
 -2.853728e+02
 2.802428e+02
 2.302365e-02
 -9.895093e-01
 9.664453e-01
 5.642938e+00
 -2.856220e+02
 2.799790e+02
 5.642938e+00
 -2.856220e+02
 2.799790e+02
 5.642938e+00
 -2.856220e+02
 2.799790e+02
 5.642938e+00
 -2.856220e+02
 2.799790e+02
 5.642938e+00
 -2.856220e+02
 2.799790e+02
 5.642938e+00
 -2.856220e+02
 2.799790e+02
 2.245548e-02
 -9.629828e-01
 9.404786e-01
 6.155875e+00
 -2.858704e+02
 2.797145e+02
 6.155875e+00
 -2.858704e+02
 2.797145e+02
 6.155875e+00
 -2.858704e+02
 2.797145e+02
 6.155875e+00
 -2.858704e+02
 2.797145e+02
 6.155875e+00
 -2.858704e+02
 2.797145e+02
 6.155875e+00
 -2.858704e+02
 2.797145e+02
 2.190038e-02
 -9.371553e-01
 9.151970e-01
 6.668796e+00
 -2.861181e+02
 2.794493e+02
 6.668796e+00
 -2.861181e+02
 2.794493e+02
 6.668796e+00
 -2.861181e+02
 2.794493e+02
 6.668796e+00
 -2.861181e+02
 2.794493e+02
 6.668796e+00
 -2.861181e+02
 2.794493e+02
 6.668796e+00
 -2.861181e+02
 2.794493e+02
 2.135800e-02
 -9.120083e-01
 8.905825e-01
 7.181700e+00
 -2.863652e+02
 2.791835e+02
 7.181700e+00
 -2.863652e+02
 2.791835e+02
 7.181700e+00
 -2.863652e+02
 2.791835e+02
 7.181700e+00
 -2.863652e+02
 2.791835e+02
 7.181700e+00
 -2.863652e+02
 2.791835e+02
 7.181700e+00
 -2.863652e+02
 2.791835e+02
 2.082800e-02
 -8.875241e-01
 8.666176e-01
 7.694587e+00
 -2.866115e+02
 2.789169e+02
 7.694587e+00
 -2.866115e+02
 2.789169e+02
 7.694587e+00
 -2.866115e+02
 2.789169e+02
 7.694587e+00
 -2.866115e+02
 2.789169e+02
 7.694587e+00
 -2.866115e+02
 2.789169e+02
 7.694587e+00
 -2.866115e+02
 2.789169e+02
 2.031007e-02
 -8.636850e-01
 8.432852e-01
 8.207455e+00
 -2.868571e+02
 2.786497e+02
 8.207455e+00
 -2.868571e+02
 2.786497e+02
 8.207455e+00
 -2.868571e+02
 2.786497e+02
 8.207455e+00
 -2.868571e+02
 2.786497e+02
 8.207455e+00
 -2.868571e+02
 2.786497e+02
 8.207455e+00
 -2.868571e+02
 2.786497e+02
 1.980387e-02
 -8.404742e-01
 8.205685e-01
 8.720302e+00
 -2.871020e+02
 2.783817e+02
 8.720302e+00
 -2.871020e+02
 2.783817e+02
 8.720302e+00
 -2.871020e+02
 2.783817e+02
 8.720302e+00
 -2.871020e+02
 2.783817e+02
 8.720302e+00
 -2.871020e+02
 2.783817e+02
 8.720302e+00
 -2.871020e+02
 2.783817e+02
 1.930910e-02
 -8.178751e-01
 7.984515e-01
 9.233128e+00
 -2.873462e+02
 2.781131e+02
 9.233128e+00
 -2.873462e+02
 2.781131e+02
 9.233128e+00
 -2.873462e+02
 2.781131e+02
 9.233128e+00
 -2.873462e+02
 2.781131e+02
 9.233128e+00
 -2.873462e+02
 2.781131e+02
 9.233128e+00
 -2.873462e+02
 2.781131e+02
 1.882547e-02
 -7.958715e-01
 7.769182e-01
 9.745932e+00
 -2.875897e+02
 2.778438e+02
 9.745932e+00
 -2.875897e+02
 2.778438e+02
 9.745932e+00
 -2.875897e+02
 2.778438e+02
 9.745932e+00
 -2.875897e+02
 2.778438e+02
 9.745932e+00
 -2.875897e+02
 2.778438e+02
 9.745932e+00
 -2.875897e+02
 2.778438e+02
 1.835268e-02
 -7.744479e-01
 7.559534e-01
 1.025871e+01
 -2.878325e+02
 2.775738e+02
 1.025871e+01
 -2.878325e+02
 2.775738e+02
 1.025871e+01
 -2.878325e+02
 2.775738e+02
 1.025871e+01
 -2.878325e+02
 2.775738e+02
 1.025871e+01
 -2.878325e+02
 2.775738e+02
 1.025871e+01
 -2.878325e+02
 2.775738e+02
 1.789044e-02
 -7.535888e-01
 7.355420e-01
 1.077146e+01
 -2.880746e+02
 2.773031e+02
 1.077146e+01
 -2.880746e+02
 2.773031e+02
 1.077146e+01
 -2.880746e+02
 2.773031e+02
 1.077146e+01
 -2.880746e+02
 2.773031e+02
 1.077146e+01
 -2.880746e+02
 2.773031e+02
 1.077146e+01
 -2.880746e+02
 2.773031e+02
 1.743847e-02
 -7.332795e-01
 7.156695e-01
 1.128419e+01
 -2.883159e+02
 2.770317e+02
 1.128419e+01
 -2.883159e+02
 2.770317e+02
 1.128419e+01
 -2.883159e+02
 2.770317e+02
 1.128419e+01
 -2.883159e+02
 2.770317e+02
 1.128419e+01
 -2.883159e+02
 2.770317e+02
 1.128419e+01
 -2.883159e+02
 2.770317e+02
 1.699651e-02
 -7.135056e-01
 6.963218e-01
 1.179689e+01
 -2.885566e+02
 2.767597e+02
 1.179689e+01
 -2.885566e+02
 2.767597e+02
 1.179689e+01
 -2.885566e+02
 2.767597e+02
 1.179689e+01
 -2.885566e+02
 2.767597e+02
 1.179689e+01
 -2.885566e+02
 2.767597e+02
 1.179689e+01
 -2.885566e+02
 2.767597e+02
 1.656430e-02
 -6.942528e-01
 6.774849e-01
 1.230956e+01
 -2.887965e+02
 2.764870e+02
 1.230956e+01
 -2.887965e+02
 2.764870e+02
 1.230956e+01
 -2.887965e+02
 2.764870e+02
 1.230956e+01
 -2.887965e+02
 2.764870e+02
 1.230956e+01
 -2.887965e+02
 2.764870e+02
 1.230956e+01
 -2.887965e+02
 2.764870e+02
 1.614157e-02
 -6.755074e-01
 6.591454e-01
 1.282220e+01
 -2.890358e+02
 2.762135e+02
 1.282220e+01
 -2.890358e+02
 2.762135e+02
 1.282220e+01
 -2.890358e+02
 2.762135e+02
 1.282220e+01
 -2.890358e+02
 2.762135e+02
 1.282220e+01
 -2.890358e+02
 2.762135e+02
 1.282220e+01
 -2.890358e+02
 2.762135e+02
 1.572808e-02
 -6.572562e-01
 6.412903e-01
 1.333481e+01
 -2.892743e+02
 2.759395e+02
 1.333481e+01
 -2.892743e+02
 2.759395e+02
 1.333481e+01
 -2.892743e+02
 2.759395e+02
 1.333481e+01
 -2.892743e+02
 2.759395e+02
 1.333481e+01
 -2.892743e+02
 2.759395e+02
 1.333481e+01
 -2.892743e+02
 2.759395e+02
 1.532358e-02
 -6.394861e-01
 6.239067e-01
 1.384739e+01
 -2.895121e+02
 2.756647e+02
 1.384739e+01
 -2.895121e+02
 2.756647e+02
 1.384739e+01
 -2.895121e+02
 2.756647e+02
 1.384739e+01
 -2.895121e+02
 2.756647e+02
 1.384739e+01
 -2.895121e+02
 2.756647e+02
 1.384739e+01
 -2.895121e+02
 2.756647e+02
 1.492785e-02
 -6.221844e-01
 6.069824e-01
 1.435993e+01
 -2.897491e+02
 2.753892e+02
 1.435993e+01
 -2.897491e+02
 2.753892e+02
 1.435993e+01
 -2.897491e+02
 2.753892e+02
 1.435993e+01
 -2.897491e+02
 2.753892e+02
 1.435993e+01
 -2.897491e+02
 2.753892e+02
 1.435993e+01
 -2.897491e+02
 2.753892e+02
 1.454064e-02
 -6.053388e-01
 5.905051e-01
 1.487243e+01
 -2.899855e+02
 2.751131e+02
 1.487243e+01
 -2.899855e+02
 2.751131e+02
 1.487243e+01
 -2.899855e+02
 2.751131e+02
 1.487243e+01
 -2.899855e+02
 2.751131e+02
 1.487243e+01
 -2.899855e+02
 2.751131e+02
 1.487243e+01
 -2.899855e+02
 2.751131e+02
 1.416173e-02
 -5.889372e-01
 5.744631e-01
 1.538490e+01
 -2.902212e+02
 2.748363e+02
 1.538490e+01
 -2.902212e+02
 2.748363e+02
 1.538490e+01
 -2.902212e+02
 2.748363e+02
 1.538490e+01
 -2.902212e+02
 2.748363e+02
 1.538490e+01
 -2.902212e+02
 2.748363e+02
 1.538490e+01
 -2.902212e+02
 2.748363e+02
 1.379091e-02
 -5.729681e-01
 5.588449e-01
 1.589733e+01
 -2.904561e+02
 2.745588e+02
 1.589733e+01
 -2.904561e+02
 2.745588e+02
 1.589733e+01
 -2.904561e+02
 2.745588e+02
 1.589733e+01
 -2.904561e+02
 2.745588e+02
 1.589733e+01
 -2.904561e+02
 2.745588e+02
 1.589733e+01
 -2.904561e+02
 2.745588e+02
 1.342796e-02
 -5.574200e-01
 5.436394e-01
 1.640973e+01
 -2.906903e+02
 2.742806e+02
 1.640973e+01
 -2.906903e+02
 2.742806e+02
 1.640973e+01
 -2.906903e+02
 2.742806e+02
 1.640973e+01
 -2.906903e+02
 2.742806e+02
 1.640973e+01
 -2.906903e+02
 2.742806e+02
 1.640973e+01
 -2.906903e+02
 2.742806e+02
 1.307268e-02
 -5.422818e-01
 5.288358e-01
 1.692208e+01
 -2.909238e+02
 2.740018e+02
 1.692208e+01
 -2.909238e+02
 2.740018e+02
 1.692208e+01
 -2.909238e+02
 2.740018e+02
 1.692208e+01
 -2.909238e+02
 2.740018e+02
 1.692208e+01
 -2.909238e+02
 2.740018e+02
 1.692208e+01
 -2.909238e+02
 2.740018e+02
 1.272486e-02
 -5.275427e-01
 5.144233e-01
 1.743439e+01
 -2.911566e+02
 2.737222e+02
 1.743439e+01
 -2.911566e+02
 2.737222e+02
 1.743439e+01
 -2.911566e+02
 2.737222e+02
 1.743439e+01
 -2.911566e+02
 2.737222e+02
 1.743439e+01
 -2.911566e+02
 2.737222e+02
 1.743439e+01
 -2.911566e+02
 2.737222e+02
 1.238431e-02
 -5.131923e-01
 5.003918e-01
 1.794665e+01
 -2.913887e+02
 2.734420e+02
 1.794665e+01
 -2.913887e+02
 2.734420e+02
 1.794665e+01
 -2.913887e+02
 2.734420e+02
 1.794665e+01
 -2.913887e+02
 2.734420e+02
 1.794665e+01
 -2.913887e+02
 2.734420e+02
 1.794665e+01
 -2.913887e+02
 2.734420e+02
 1.205084e-02
 -4.992202e-01
 4.867313e-01
 1.845888e+01
 -2.916200e+02
 2.731612e+02
 1.845888e+01
 -2.916200e+02
 2.731612e+02
 1.845888e+01
 -2.916200e+02
 2.731612e+02
 1.845888e+01
 -2.916200e+02
 2.731612e+02
 1.845888e+01
 -2.916200e+02
 2.731612e+02
 1.845888e+01
 -2.916200e+02
 2.731612e+02
 1.172426e-02
 -4.856166e-01
 4.734318e-01
 1.897105e+01
 -2.918507e+02
 2.728796e+02
 1.897105e+01
 -2.918507e+02
 2.728796e+02
 1.897105e+01
 -2.918507e+02
 2.728796e+02
 1.897105e+01
 -2.918507e+02
 2.728796e+02
 1.897105e+01
 -2.918507e+02
 2.728796e+02
 1.897105e+01
 -2.918507e+02
 2.728796e+02
 1.140439e-02
 -4.723716e-01
 4.604840e-01
 1.948318e+01
 -2.920806e+02
 2.725974e+02
 1.948318e+01
 -2.920806e+02
 2.725974e+02
 1.948318e+01
 -2.920806e+02
 2.725974e+02
 1.948318e+01
 -2.920806e+02
 2.725974e+02
 1.948318e+01
 -2.920806e+02
 2.725974e+02
 1.948318e+01
 -2.920806e+02
 2.725974e+02
 1.109106e-02
 -4.594760e-01
 4.478786e-01
 1.999527e+01
 -2.923098e+02
 2.723145e+02
 1.999527e+01
 -2.923098e+02
 2.723145e+02
 1.999527e+01
 -2.923098e+02
 2.723145e+02
 1.999527e+01
 -2.923098e+02
 2.723145e+02
 1.999527e+01
 -2.923098e+02
 2.723145e+02
 1.999527e+01
 -2.923098e+02
 2.723145e+02
 1.078408e-02
 -4.469205e-01
 4.356065e-01
 2.050730e+01
 -2.925382e+02
 2.720309e+02
 2.050730e+01
 -2.925382e+02
 2.720309e+02
 2.050730e+01
 -2.925382e+02
 2.720309e+02
 2.050730e+01
 -2.925382e+02
 2.720309e+02
 2.050730e+01
 -2.925382e+02
 2.720309e+02
 2.050730e+01
 -2.925382e+02
 2.720309e+02
 1.048331e-02
 -4.346960e-01
 4.236590e-01
 2.101928e+01
 -2.927660e+02
 2.717467e+02
 2.101928e+01
 -2.927660e+02
 2.717467e+02
 2.101928e+01
 -2.927660e+02
 2.717467e+02
 2.101928e+01
 -2.927660e+02
 2.717467e+02
 2.101928e+01
 -2.927660e+02
 2.717467e+02
 2.101928e+01
 -2.927660e+02
 2.717467e+02
 1.018856e-02
 -4.227940e-01
 4.120275e-01
 2.153121e+01
 -2.929930e+02
 2.714618e+02
 2.153121e+01
 -2.929930e+02
 2.714618e+02
 2.153121e+01
 -2.929930e+02
 2.714618e+02
 2.153121e+01
 -2.929930e+02
 2.714618e+02
 2.153121e+01
 -2.929930e+02
 2.714618e+02
 2.153121e+01
 -2.929930e+02
 2.714618e+02
 9.889175e-03
 -4.112164e-01
 4.007142e-01
 2.204309e+01
 -2.932193e+02
 2.711762e+02
 2.204309e+01
 -2.932193e+02
 2.711762e+02
 2.204309e+01
 -2.932193e+02
 2.711762e+02
 2.204309e+01
 -2.932193e+02
 2.711762e+02
 2.204309e+01
 -2.932193e+02
 2.711762e+02
 2.204309e+01
 -2.932193e+02
 2.711762e+02
 9.563988e-03
 -3.999760e-01
 3.897321e-01
 2.255491e+01
 -2.934449e+02
 2.708900e+02
 2.255491e+01
 -2.934449e+02
 2.708900e+02
 2.255491e+01
 -2.934449e+02
 2.708900e+02
 2.255491e+01
 -2.934449e+02
 2.708900e+02
 2.255491e+01
 -2.934449e+02
 2.708900e+02
 2.255491e+01
 -2.934449e+02
 2.708900e+02
 9.202426e-03
 -3.890752e-01
 3.790837e-01
 2.306668e+01
 -2.936697e+02
 2.706031e+02
 2.306668e+01
 -2.936697e+02
 2.706031e+02
 2.306668e+01
 -2.936697e+02
 2.706031e+02
 2.306668e+01
 -2.936697e+02
 2.706031e+02
 2.306668e+01
 -2.936697e+02
 2.706031e+02
 2.306668e+01
 -2.936697e+02
 2.706031e+02
 8.804466e-03
 -3.785059e-01
 3.687611e-01
 2.357839e+01
 -2.938939e+02
 2.703155e+02
 2.357839e+01
 -2.938939e+02
 2.703155e+02
 2.357839e+01
 -2.938939e+02
 2.703155e+02
 2.357839e+01
 -2.938939e+02
 2.703155e+02
 2.357839e+01
 -2.938939e+02
 2.703155e+02
 2.357839e+01
 -2.938939e+02
 2.703155e+02
 8.370086e-03
 -3.682605e-01
 3.587568e-01
 2.409004e+01
 -2.941173e+02
 2.700272e+02
 2.409004e+01
 -2.941173e+02
 2.700272e+02
 2.409004e+01
 -2.941173e+02
 2.700272e+02
 2.409004e+01
 -2.941173e+02
 2.700272e+02
 2.409004e+01
 -2.941173e+02
 2.700272e+02
 2.409004e+01
 -2.941173e+02
 2.700272e+02
 7.899270e-03
 -3.583314e-01
 3.490634e-01
 2.460163e+01
 -2.943399e+02
 2.697383e+02
 2.460163e+01
 -2.943399e+02
 2.697383e+02
 2.460163e+01
 -2.943399e+02
 2.697383e+02
 2.460163e+01
 -2.943399e+02
 2.697383e+02
 2.460163e+01
 -2.943399e+02
 2.697383e+02
 2.460163e+01
 -2.943399e+02
 2.697383e+02
 7.392001e-03
 -3.487112e-01
 3.396736e-01
 2.511316e+01
 -2.945619e+02
 2.694487e+02
 2.511316e+01
 -2.945619e+02
 2.694487e+02
 2.511316e+01
 -2.945619e+02
 2.694487e+02
 2.511316e+01
 -2.945619e+02
 2.694487e+02
 2.511316e+01
 -2.945619e+02
 2.694487e+02
 2.511316e+01
 -2.945619e+02
 2.694487e+02
 6.848270e-03
 -3.393928e-01
 3.305804e-01
 2.562463e+01
 -2.947831e+02
 2.691585e+02
 2.562463e+01
 -2.947831e+02
 2.691585e+02
 2.562463e+01
 -2.947831e+02
 2.691585e+02
 2.562463e+01
 -2.947831e+02
 2.691585e+02
 2.562463e+01
 -2.947831e+02
 2.691585e+02
 2.562463e+01
 -2.947831e+02
 2.691585e+02
 6.268067e-03
 -3.303693e-01
 3.217770e-01
 2.613604e+01
 -2.950036e+02
 2.688676e+02
 2.613604e+01
 -2.950036e+02
 2.688676e+02
 2.613604e+01
 -2.950036e+02
 2.688676e+02
 2.613604e+01
 -2.950036e+02
 2.688676e+02
 2.613604e+01
 -2.950036e+02
 2.688676e+02
 2.613604e+01
 -2.950036e+02
 2.688676e+02
 5.651388e-03
 -3.216337e-01
 3.132567e-01
 2.664738e+01
 -2.952234e+02
 2.685760e+02
 2.664738e+01
 -2.952234e+02
 2.685760e+02
 2.664738e+01
 -2.952234e+02
 2.685760e+02
 2.664738e+01
 -2.952234e+02
 2.685760e+02
 2.664738e+01
 -2.952234e+02
 2.685760e+02
 2.664738e+01
 -2.952234e+02
 2.685760e+02
 4.998232e-03
 -3.131795e-01
 3.050131e-01
 2.715866e+01
 -2.954424e+02
 2.682838e+02
 2.715866e+01
 -2.954424e+02
 2.682838e+02
 2.715866e+01
 -2.954424e+02
 2.682838e+02
 2.715866e+01
 -2.954424e+02
 2.682838e+02
 2.715866e+01
 -2.954424e+02
 2.682838e+02
 2.715866e+01
 -2.954424e+02
 2.682838e+02
 4.308597e-03
 -3.050002e-01
 2.970398e-01
 2.766987e+01
 -2.956607e+02
 2.679909e+02
 2.766987e+01
 -2.956607e+02
 2.679909e+02
 2.766987e+01
 -2.956607e+02
 2.679909e+02
 2.766987e+01
 -2.956607e+02
 2.679909e+02
 2.766987e+01
 -2.956607e+02
 2.679909e+02
 2.766987e+01
 -2.956607e+02
 2.679909e+02
 3.582490e-03
 -2.970896e-01
 2.893306e-01
 2.818101e+01
 -2.958783e+02
 2.676973e+02
 2.818101e+01
 -2.958783e+02
 2.676973e+02
 2.818101e+01
 -2.958783e+02
 2.676973e+02
 2.818101e+01
 -2.958783e+02
 2.676973e+02
 2.818101e+01
 -2.958783e+02
 2.676973e+02
 2.818101e+01
 -2.958783e+02
 2.676973e+02
 2.819916e-03
 -2.894415e-01
 2.818796e-01
 2.869208e+01
 -2.960952e+02
 2.674031e+02
 2.869208e+01
 -2.960952e+02
 2.674031e+02
 2.869208e+01
 -2.960952e+02
 2.674031e+02
 2.869208e+01
 -2.960952e+02
 2.674031e+02
 2.869208e+01
 -2.960952e+02
 2.674031e+02
 2.869208e+01
 -2.960952e+02
 2.674031e+02
 2.020886e-03
 -2.820500e-01
 2.746808e-01
 2.920308e+01
 -2.963113e+02
 2.671082e+02
 2.920308e+01
 -2.963113e+02
 2.671082e+02
 2.920308e+01
 -2.963113e+02
 2.671082e+02
 2.920308e+01
 -2.963113e+02
 2.671082e+02
 2.920308e+01
 -2.963113e+02
 2.671082e+02
 2.920308e+01
 -2.963113e+02
 2.671082e+02
 1.185412e-03
 -2.749093e-01
 2.677287e-01
 2.971401e+01
 -2.965267e+02
 2.668127e+02
 2.971401e+01
 -2.965267e+02
 2.668127e+02
 2.971401e+01
 -2.965267e+02
 2.668127e+02
 2.971401e+01
 -2.965267e+02
 2.668127e+02
 2.971401e+01
 -2.965267e+02
 2.668127e+02
 2.971401e+01
 -2.965267e+02
 2.668127e+02
 3.135093e-04
 -2.680136e-01
 2.610176e-01
 3.022487e+01
 -2.967413e+02
 2.665165e+02
 3.022487e+01
 -2.967413e+02
 2.665165e+02
 3.022487e+01
 -2.967413e+02
 2.665165e+02
 3.022487e+01
 -2.967413e+02
 2.665165e+02
 3.022487e+01
 -2.967413e+02
 2.665165e+02
 3.022487e+01
 -2.967413e+02
 2.665165e+02
 -5.948029e-04
 -2.613576e-01
 2.545422e-01
 3.073565e+01
 -2.969553e+02
 2.662196e+02
 3.073565e+01
 -2.969553e+02
 2.662196e+02
 3.073565e+01
 -2.969553e+02
 2.662196e+02
 3.073565e+01
 -2.969553e+02
 2.662196e+02
 3.073565e+01
 -2.969553e+02
 2.662196e+02
 3.073565e+01
 -2.969553e+02
 2.662196e+02
 -1.539504e-03
 -2.549358e-01
 2.482972e-01
 3.124635e+01
 -2.971685e+02
 2.659221e+02
 3.124635e+01
 -2.971685e+02
 2.659221e+02
 3.124635e+01
 -2.971685e+02
 2.659221e+02
 3.124635e+01
 -2.971685e+02
 2.659221e+02
 3.124635e+01
 -2.971685e+02
 2.659221e+02
 3.124635e+01
 -2.971685e+02
 2.659221e+02
 -2.520569e-03
 -2.487430e-01
 2.422774e-01
 3.175698e+01
 -2.973809e+02
 2.656239e+02
 3.175698e+01
 -2.973809e+02
 2.656239e+02
 3.175698e+01
 -2.973809e+02
 2.656239e+02
 3.175698e+01
 -2.973809e+02
 2.656239e+02
 3.175698e+01
 -2.973809e+02
 2.656239e+02
 3.175698e+01
 -2.973809e+02
 2.656239e+02
 -3.537972e-03
 -2.427741e-01
 2.364779e-01
 3.226753e+01
 -2.975927e+02
 2.653251e+02
 3.226753e+01
 -2.975927e+02
 2.653251e+02
 3.226753e+01
 -2.975927e+02
 2.653251e+02
 3.226753e+01
 -2.975927e+02
 2.653251e+02
 3.226753e+01
 -2.975927e+02
 2.653251e+02
 3.226753e+01
 -2.975927e+02
 2.653251e+02
 -4.591683e-03
 -2.370241e-01
 2.308938e-01
 3.277800e+01
 -2.978036e+02
 2.650256e+02
 3.277800e+01
 -2.978036e+02
 2.650256e+02
 3.277800e+01
 -2.978036e+02
 2.650256e+02
 3.277800e+01
 -2.978036e+02
 2.650256e+02
 3.277800e+01
 -2.978036e+02
 2.650256e+02
 3.277800e+01
 -2.978036e+02
 2.650256e+02
 -5.681671e-03
 -2.314882e-01
 2.255203e-01
 3.328839e+01
 -2.980139e+02
 2.647255e+02
 3.328839e+01
 -2.980139e+02
 2.647255e+02
 3.328839e+01
 -2.980139e+02
 2.647255e+02
 3.328839e+01
 -2.980139e+02
 2.647255e+02
 3.328839e+01
 -2.980139e+02
 2.647255e+02
 3.328839e+01
 -2.980139e+02
 2.647255e+02
 -6.807900e-03
 -2.261617e-01
 2.203528e-01
 3.379869e+01
 -2.982234e+02
 2.644247e+02
 3.379869e+01
 -2.982234e+02
 2.644247e+02
 3.379869e+01
 -2.982234e+02
 2.644247e+02
 3.379869e+01
 -2.982234e+02
 2.644247e+02
 3.379869e+01
 -2.982234e+02
 2.644247e+02
 3.379869e+01
 -2.982234e+02
 2.644247e+02
 -7.970332e-03
 -2.210400e-01
 2.153869e-01
 3.430892e+01
 -2.984322e+02
 2.641233e+02
 3.430892e+01
 -2.984322e+02
 2.641233e+02
 3.430892e+01
 -2.984322e+02
 2.641233e+02
 3.430892e+01
 -2.984322e+02
 2.641233e+02
 3.430892e+01
 -2.984322e+02
 2.641233e+02
 3.430892e+01
 -2.984322e+02
 2.641233e+02
 -9.168928e-03
 -2.161186e-01
 2.106180e-01
 3.481906e+01
 -2.986403e+02
 2.638212e+02
 3.481906e+01
 -2.986403e+02
 2.638212e+02
 3.481906e+01
 -2.986403e+02
 2.638212e+02
 3.481906e+01
 -2.986403e+02
 2.638212e+02
 3.481906e+01
 -2.986403e+02
 2.638212e+02
 3.481906e+01
 -2.986403e+02
 2.638212e+02
 -1.040364e-02
 -2.113931e-01
 2.060420e-01
 3.532911e+01
 -2.988476e+02
 2.635185e+02
 3.532911e+01
 -2.988476e+02
 2.635185e+02
 3.532911e+01
 -2.988476e+02
 2.635185e+02
 3.532911e+01
 -2.988476e+02
 2.635185e+02
 3.532911e+01
 -2.988476e+02
 2.635185e+02
 3.532911e+01
 -2.988476e+02
 2.635185e+02
 -1.167444e-02
 -2.068593e-01
 2.016547e-01
 3.583908e+01
 -2.990542e+02
 2.632151e+02
 3.583908e+01
 -2.990542e+02
 2.632151e+02
 3.583908e+01
 -2.990542e+02
 2.632151e+02
 3.583908e+01
 -2.990542e+02
 2.632151e+02
 3.583908e+01
 -2.990542e+02
 2.632151e+02
 3.583908e+01
 -2.990542e+02
 2.632151e+02
 -1.298126e-02
 -2.025130e-01
 1.974519e-01
 3.634895e+01
 -2.992600e+02
 2.629110e+02
 3.634895e+01
 -2.992600e+02
 2.629110e+02
 3.634895e+01
 -2.992600e+02
 2.629110e+02
 3.634895e+01
 -2.992600e+02
 2.629110e+02
 3.634895e+01
 -2.992600e+02
 2.629110e+02
 3.634895e+01
 -2.992600e+02
 2.629110e+02
 -1.432405e-02
 -1.983502e-01
 1.934298e-01
 3.685874e+01
 -2.994651e+02
 2.626063e+02
 3.685874e+01
 -2.994651e+02
 2.626063e+02
 3.685874e+01
 -2.994651e+02
 2.626063e+02
 3.685874e+01
 -2.994651e+02
 2.626063e+02
 3.685874e+01
 -2.994651e+02
 2.626063e+02
 3.685874e+01
 -2.994651e+02
 2.626063e+02
 -1.570277e-02
 -1.943670e-01
 1.895845e-01
 3.736844e+01
 -2.996694e+02
 2.623010e+02
 3.736844e+01
 -2.996694e+02
 2.623010e+02
 3.736844e+01
 -2.996694e+02
 2.623010e+02
 3.736844e+01
 -2.996694e+02
 2.623010e+02
 3.736844e+01
 -2.996694e+02
 2.623010e+02
 3.736844e+01
 -2.996694e+02
 2.623010e+02
 -1.711736e-02
 -1.905596e-01
 1.859122e-01
 3.787804e+01
 -2.998731e+02
 2.619950e+02
 3.787804e+01
 -2.998731e+02
 2.619950e+02
 3.787804e+01
 -2.998731e+02
 2.619950e+02
 3.787804e+01
 -2.998731e+02
 2.619950e+02
 3.787804e+01
 -2.998731e+02
 2.619950e+02
 3.787804e+01
 -2.998731e+02
 2.619950e+02
 -1.856776e-02
 -1.869241e-01
 1.824092e-01
 3.838755e+01
 -3.000760e+02
 2.616884e+02
 3.838755e+01
 -3.000760e+02
 2.616884e+02
 3.838755e+01
 -3.000760e+02
 2.616884e+02
 3.838755e+01
 -3.000760e+02
 2.616884e+02
 3.838755e+01
 -3.000760e+02
 2.616884e+02
 3.838755e+01
 -3.000760e+02
 2.616884e+02
 -2.005392e-02
 -1.834570e-01
 1.790720e-01
 3.889697e+01
 -3.002781e+02
 2.613811e+02
 3.889697e+01
 -3.002781e+02
 2.613811e+02
 3.889697e+01
 -3.002781e+02
 2.613811e+02
 3.889697e+01
 -3.002781e+02
 2.613811e+02
 3.889697e+01
 -3.002781e+02
 2.613811e+02
 3.889697e+01
 -3.002781e+02
 2.613811e+02
 -2.157576e-02
 -1.801546e-01
 1.758971e-01
 3.940629e+01
 -3.004795e+02
 2.610732e+02
 3.940629e+01
 -3.004795e+02
 2.610732e+02
 3.940629e+01
 -3.004795e+02
 2.610732e+02
 3.940629e+01
 -3.004795e+02
 2.610732e+02
 3.940629e+01
 -3.004795e+02
 2.610732e+02
 3.940629e+01
 -3.004795e+02
 2.610732e+02
 -2.313322e-02
 -1.770136e-01
 1.728811e-01
 3.991551e+01
 -3.006802e+02
 2.607646e+02
 3.991551e+01
 -3.006802e+02
 2.607646e+02
 3.991551e+01
 -3.006802e+02
 2.607646e+02
 3.991551e+01
 -3.006802e+02
 2.607646e+02
 3.991551e+01
 -3.006802e+02
 2.607646e+02
 3.991551e+01
 -3.006802e+02
 2.607646e+02
 -2.472623e-02
 -1.740306e-01
 1.700207e-01
 4.042464e+01
 -3.008801e+02
 2.604554e+02
 4.042464e+01
 -3.008801e+02
 2.604554e+02
 4.042464e+01
 -3.008801e+02
 2.604554e+02
 4.042464e+01
 -3.008801e+02
 2.604554e+02
 4.042464e+01
 -3.008801e+02
 2.604554e+02
 4.042464e+01
 -3.008801e+02
 2.604554e+02
 -2.635474e-02
 -1.712022e-01
 1.673126e-01
 4.093366e+01
 -3.010792e+02
 2.601456e+02
 4.093366e+01
 -3.010792e+02
 2.601456e+02
 4.093366e+01
 -3.010792e+02
 2.601456e+02
 4.093366e+01
 -3.010792e+02
 2.601456e+02
 4.093366e+01
 -3.010792e+02
 2.601456e+02
 4.093366e+01
 -3.010792e+02
 2.601456e+02
 -2.801865e-02
 -1.685253e-01
 1.647538e-01
 4.144259e+01
 -3.012777e+02
 2.598351e+02
 4.144259e+01
 -3.012777e+02
 2.598351e+02
 4.144259e+01
 -3.012777e+02
 2.598351e+02
 4.144259e+01
 -3.012777e+02
 2.598351e+02
 4.144259e+01
 -3.012777e+02
 2.598351e+02
 4.144259e+01
 -3.012777e+02
 2.598351e+02
 -2.971790e-02
 -1.659967e-01
 1.623410e-01
 4.195141e+01
 -3.014754e+02
 2.595240e+02
 4.195141e+01
 -3.014754e+02
 2.595240e+02
 4.195141e+01
 -3.014754e+02
 2.595240e+02
 4.195141e+01
 -3.014754e+02
 2.595240e+02
 4.195141e+01
 -3.014754e+02
 2.595240e+02
 4.195141e+01
 -3.014754e+02
 2.595240e+02
 -3.145242e-02
 -1.636133e-01
 1.600714e-01
 4.246013e+01
 -3.016723e+02
 2.592122e+02
 4.246013e+01
 -3.016723e+02
 2.592122e+02
 4.246013e+01
 -3.016723e+02
 2.592122e+02
 4.246013e+01
 -3.016723e+02
 2.592122e+02
 4.246013e+01
 -3.016723e+02
 2.592122e+02
 4.246013e+01
 -3.016723e+02
 2.592122e+02
 -3.322212e-02
 -1.613723e-01
 1.579421e-01
 4.296874e+01
 -3.018685e+02
 2.588998e+02
 4.296874e+01
 -3.018685e+02
 2.588998e+02
 4.296874e+01
 -3.018685e+02
 2.588998e+02
 4.296874e+01
 -3.018685e+02
 2.588998e+02
 4.296874e+01
 -3.018685e+02
 2.588998e+02
 4.296874e+01
 -3.018685e+02
 2.588998e+02
 -3.502691e-02
 -1.592707e-01
 1.559501e-01
 4.347725e+01
 -3.020640e+02
 2.585867e+02
 4.347725e+01
 -3.020640e+02
 2.585867e+02
 4.347725e+01
 -3.020640e+02
 2.585867e+02
 4.347725e+01
 -3.020640e+02
 2.585867e+02
 4.347725e+01
 -3.020640e+02
 2.585867e+02
 4.347725e+01
 -3.020640e+02
 2.585867e+02
 -3.686673e-02
 -1.573056e-01
 1.540927e-01
 4.398565e+01
 -3.022587e+02
 2.582730e+02
 4.398565e+01
 -3.022587e+02
 2.582730e+02
 4.398565e+01
 -3.022587e+02
 2.582730e+02
 4.398565e+01
 -3.022587e+02
 2.582730e+02
 4.398565e+01
 -3.022587e+02
 2.582730e+02
 4.398565e+01
 -3.022587e+02
 2.582730e+02
 -3.874147e-02
 -1.554744e-01
 1.523672e-01
 4.449394e+01
 -3.024526e+02
 2.579587e+02
 4.449394e+01
 -3.024526e+02
 2.579587e+02
 4.449394e+01
 -3.024526e+02
 2.579587e+02
 4.449394e+01
 -3.024526e+02
 2.579587e+02
 4.449394e+01
 -3.024526e+02
 2.579587e+02
 4.449394e+01
 -3.024526e+02
 2.579587e+02
 -4.065106e-02
 -1.537742e-01
 1.507709e-01
 4.500212e+01
 -3.026459e+02
 2.576437e+02
 4.500212e+01
 -3.026459e+02
 2.576437e+02
 4.500212e+01
 -3.026459e+02
 2.576437e+02
 4.500212e+01
 -3.026459e+02
 2.576437e+02
 4.500212e+01
 -3.026459e+02
 2.576437e+02
 4.500212e+01
 -3.026459e+02
 2.576437e+02
 -4.259541e-02
 -1.522026e-01
 1.493014e-01
 4.551019e+01
 -3.028383e+02
 2.573281e+02
 4.551019e+01
 -3.028383e+02
 2.573281e+02
 4.551019e+01
 -3.028383e+02
 2.573281e+02
 4.551019e+01
 -3.028383e+02
 2.573281e+02
 4.551019e+01
 -3.028383e+02
 2.573281e+02
 4.551019e+01
 -3.028383e+02
 2.573281e+02
