 0
 0
 -2.862785e+00
 -2.862785e+00
 -2.862785e+00
 -2.862785e+00
 -2.862785e+00
 -2.862785e+00
 -2.862785e+00
 -2.862785e+00
 -2.862785e+00
 -2.862785e+00
 -2.862785e+00
 -2.862785e+00
 -2.862785e+00
 -2.862785e+00
 -2.862785e+00
 -2.862785e+00
 -2.862785e+00
 -2.862785e+00
 -2.862785e+00
 -2.862785e+00
 -2.862785e+00
 -2.862785e+00
 -2.862785e+00
 -2.862785e+00
 -2.862785e+00
 -2.862785e+00
 -2.862785e+00
 -2.862785e+00
 -2.862785e+00
 -2.862785e+00
 -2.862785e+00
 -2.862785e+00
 -2.862785e+00
 -2.862785e+00
 -2.862785e+00
 -2.862785e+00
 -2.862785e+00
 -2.862785e+00
 -2.862785e+00
 -2.862785e+00
 -2.862785e+00
 -2.862785e+00
 -2.862785e+00
 -2.862785e+00
 -2.862785e+00
 -2.862785e+00
 -2.862785e+00
 -2.862785e+00
 -2.862785e+00
 -2.862785e+00
 -2.862785e+00
 -2.862785e+00
 -2.862785e+00
 -2.862785e+00
 -2.862785e+00
 -2.862785e+00
 -2.862785e+00
 -2.862785e+00
 -2.862785e+00
 -2.862785e+00
 -2.862785e+00
 -2.862785e+00
 -2.862785e+00
 -2.862785e+00
 -2.862785e+00
 -2.862785e+00
 -2.862785e+00
 -2.862785e+00
 -2.862785e+00
 -2.862785e+00
 -2.862785e+00
 -2.862785e+00
 -2.862785e+00
 -2.862785e+00
 -2.862785e+00
 -2.862785e+00
 -2.862785e+00
 -2.862785e+00
 -2.862785e+00
 -2.862785e+00
 -2.862785e+00
 -2.862785e+00
 -2.862785e+00
 -2.862785e+00
 -2.862785e+00
 -2.862785e+00
 -2.862785e+00
 -2.862785e+00
 -2.862785e+00
 -2.862785e+00
 -2.862785e+00
 -2.862785e+00
 -2.862785e+00
 -2.862785e+00
 -2.862785e+00
 -2.862785e+00
 -2.862785e+00
 -2.862785e+00
 -2.862785e+00
 -2.862785e+00
 -2.862785e+00
 -5.639803e+00
 -5.639803e+00
 -5.639803e+00
 -5.639803e+00
 -5.639803e+00
 -5.639803e+00
 -5.639803e+00
 -5.470450e+00
 -5.470450e+00
 -5.470450e+00
 -5.470450e+00
 -5.470450e+00
 -5.470450e+00
 -5.470450e+00
 -5.305459e+00
 -5.305459e+00
 -5.305459e+00
 -5.305459e+00
 -5.305459e+00
 -5.305459e+00
 -5.305459e+00
 -5.144720e+00
 -5.144720e+00
 -5.144720e+00
 -5.144720e+00
 -5.144720e+00
 -5.144720e+00
 -5.144720e+00
 -4.988126e+00
 -4.988126e+00
 -4.988126e+00
 -4.988126e+00
 -4.988126e+00
 -4.988126e+00
 -4.988126e+00
 -4.835573e+00
 -4.835573e+00
 -4.835573e+00
 -4.835573e+00
 -4.835573e+00
 -4.835573e+00
 -4.835573e+00
 -4.686959e+00
 -4.686959e+00
 -4.686959e+00
 -4.686959e+00
 -4.686959e+00
 -4.686959e+00
 -4.686959e+00
 -4.542186e+00
 -4.542186e+00
 -4.542186e+00
 -4.542186e+00
 -4.542186e+00
 -4.542186e+00
 -4.542186e+00
 -4.401155e+00
 -4.401155e+00
 -4.401155e+00
 -4.401155e+00
 -4.401155e+00
 -4.401155e+00
 -4.401155e+00
 -4.401155e+00
 -4.401155e+00
 -4.401155e+00
 -4.263774e+00
 -4.263774e+00
 -4.263774e+00
 -4.263774e+00
 -4.263774e+00
 -4.263774e+00
 -4.263774e+00
 -4.263774e+00
 -4.263774e+00
 -4.263774e+00
 -4.263774e+00
 -4.263774e+00
 -4.263774e+00
 -4.263774e+00
 -4.263774e+00
 -4.263774e+00
 -4.263774e+00
 -4.129949e+00
 -4.129949e+00
 -4.129949e+00
 -4.129949e+00
 -4.129949e+00
 -4.129949e+00
 -4.129949e+00
 -3.999590e+00
 -3.999590e+00
 -3.999590e+00
 -3.999590e+00
 -3.999590e+00
 -3.999590e+00
 -3.999590e+00
 -3.872610e+00
 -3.872610e+00
 -3.872610e+00
 -3.872610e+00
 -3.872610e+00
 -3.872610e+00
 -3.872610e+00
 -3.748923e+00
 -3.748923e+00
 -3.748923e+00
 -3.748923e+00
 -3.748923e+00
 -3.748923e+00
 -3.748923e+00
 -3.628445e+00
 -3.628445e+00
 -3.628445e+00
 -3.628445e+00
 -3.628445e+00
 -3.628445e+00
 -3.628445e+00
 -3.511095e+00
 -3.511095e+00
 -3.511095e+00
 -3.511095e+00
 -3.511095e+00
 -3.511095e+00
 -3.511095e+00
 -3.396792e+00
 -3.396792e+00
 -3.396792e+00
 -3.396792e+00
 -3.396792e+00
 -3.396792e+00
 -3.396792e+00
 -3.285460e+00
 -3.285460e+00
 -3.285460e+00
 -3.285460e+00
 -3.285460e+00
 -3.285460e+00
 -3.285460e+00
 -3.177022e+00
 -3.177022e+00
 -3.177022e+00
 -3.177022e+00
 -3.177022e+00
 -3.177022e+00
 -3.177022e+00
 -3.071405e+00
 -3.071405e+00
 -3.071405e+00
 -3.071405e+00
 -3.071405e+00
 -3.071405e+00
 -3.071405e+00
 -2.968537e+00
 -2.968537e+00
 -2.968537e+00
 -2.968537e+00
 -2.968537e+00
 -2.968537e+00
 -2.968537e+00
 -2.868347e+00
 -2.868347e+00
 -2.868347e+00
 -2.868347e+00
 -2.868347e+00
 -2.868347e+00
 -2.868347e+00
 -2.770767e+00
 -2.770767e+00
 -2.770767e+00
 -2.770767e+00
 -2.770767e+00
 -2.770767e+00
 -2.770767e+00
 -2.675730e+00
 -2.675730e+00
 -2.675730e+00
 -2.675730e+00
 -2.675730e+00
 -2.675730e+00
 -2.675730e+00
 -2.583170e+00
 -2.583170e+00
 -2.583170e+00
 -2.583170e+00
 -2.583170e+00
 -2.583170e+00
 -2.583170e+00
 -2.493025e+00
 -2.493025e+00
 -2.493025e+00
 -2.493025e+00
 -2.493025e+00
 -2.493025e+00
 -2.493025e+00
 -2.405232e+00
 -2.405232e+00
 -2.405232e+00
 -2.405232e+00
 -2.405232e+00
 -2.405232e+00
 -2.405232e+00
 -2.319731e+00
 -2.319731e+00
 -2.319731e+00
 -2.319731e+00
 -2.319731e+00
 -2.319731e+00
 -2.319731e+00
 -2.236462e+00
 -2.236462e+00
 -2.236462e+00
 -2.236462e+00
 -2.236462e+00
 -2.236462e+00
 -2.236462e+00
 -2.155369e+00
 -2.155369e+00
 -2.155369e+00
 -2.155369e+00
 -2.155369e+00
 -2.155369e+00
 -2.155369e+00
 -2.076396e+00
 -2.076396e+00
 -2.076396e+00
 -2.076396e+00
 -2.076396e+00
 -2.076396e+00
 -2.076396e+00
 -1.999487e+00
 -1.999487e+00
 -1.999487e+00
 -1.999487e+00
 -1.999487e+00
 -1.999487e+00
 -1.999487e+00
 -1.924589e+00
 -1.924589e+00
 -1.924589e+00
 -1.924589e+00
 -1.924589e+00
 -1.924589e+00
 -1.924589e+00
 -1.851652e+00
 -1.851652e+00
 -1.851652e+00
 -1.851652e+00
 -1.851652e+00
 -1.851652e+00
 -1.851652e+00
 -1.780623e+00
 -1.780623e+00
 -1.780623e+00
 -1.780623e+00
 -1.780623e+00
 -1.780623e+00
 -1.780623e+00
 -1.711455e+00
 -1.711455e+00
 -1.711455e+00
 -1.711455e+00
 -1.711455e+00
 -1.711455e+00
 -1.711455e+00
 -1.644098e+00
 -1.644098e+00
 -1.644098e+00
 -1.644098e+00
 -1.644098e+00
 -1.644098e+00
 -1.644098e+00
 -1.578506e+00
 -1.578506e+00
 -1.578506e+00
 -1.578506e+00
 -1.578506e+00
 -1.578506e+00
 -1.578506e+00
 -1.514633e+00
 -1.514633e+00
 -1.514633e+00
 -1.514633e+00
 -1.514633e+00
 -1.514633e+00
 -1.514633e+00
 -1.452435e+00
 -1.452435e+00
 -1.452435e+00
 -1.452435e+00
 -1.452435e+00
 -1.452435e+00
 -1.452435e+00
 -1.391868e+00
 -1.391868e+00
 -1.391868e+00
 -1.391868e+00
 -1.391868e+00
 -1.391868e+00
 -1.391868e+00
 -1.332891e+00
 -1.332891e+00
 -1.332891e+00
 -1.332891e+00
 -1.332891e+00
 -1.332891e+00
 -1.332891e+00
 -1.275461e+00
 -1.275461e+00
 -1.275461e+00
 -1.275461e+00
 -1.275461e+00
 -1.275461e+00
 -1.275461e+00
 -1.219539e+00
 -1.219539e+00
 -1.219539e+00
 -1.219539e+00
 -1.219539e+00
 -1.219539e+00
 -1.219539e+00
 -1.165086e+00
 -1.165086e+00
 -1.165086e+00
 -1.165086e+00
 -1.165086e+00
 -1.165086e+00
 -1.165086e+00
 -1.112063e+00
 -1.112063e+00
 -1.112063e+00
 -1.112063e+00
 -1.112063e+00
 -1.112063e+00
 -1.112063e+00
 -1.060433e+00
 -1.060433e+00
 -1.060433e+00
 -1.060433e+00
 -1.060433e+00
 -1.060433e+00
 -1.060433e+00
 -1.010160e+00
 -1.010160e+00
 -1.010160e+00
 -1.010160e+00
 -1.010160e+00
 -1.010160e+00
 -1.010160e+00
 -9.612093e-01
 -9.612093e-01
 -9.612093e-01
 -9.612093e-01
 -9.612093e-01
 -9.612093e-01
 -9.612093e-01
 -9.135453e-01
 -9.135453e-01
 -9.135453e-01
 -9.135453e-01
 -9.135453e-01
 -9.135453e-01
 -9.135453e-01
 -8.671350e-01
 -8.671350e-01
 -8.671350e-01
 -8.671350e-01
 -8.671350e-01
 -8.671350e-01
 -8.671350e-01
 -8.219456e-01
 -8.219456e-01
 -8.219456e-01
 -8.219456e-01
 -8.219456e-01
 -8.219456e-01
 -8.219456e-01
 -7.779453e-01
 -7.779453e-01
 -7.779453e-01
 -7.779453e-01
 -7.779453e-01
 -7.779453e-01
 -7.779453e-01
 -7.351031e-01
 -7.351031e-01
 -7.351031e-01
 -7.351031e-01
 -7.351031e-01
 -7.351031e-01
 -7.351031e-01
 -6.933887e-01
 -6.933887e-01
 -6.933887e-01
 -6.933887e-01
 -6.933887e-01
 -6.933887e-01
 -6.933887e-01
 -6.527726e-01
 -6.527726e-01
 -6.527726e-01
 -6.527726e-01
 -6.527726e-01
 -6.527726e-01
 -6.527726e-01
 -6.132262e-01
 -6.132262e-01
 -6.132262e-01
 -6.132262e-01
 -6.132262e-01
 -6.132262e-01
 -6.132262e-01
 -5.747215e-01
 -5.747215e-01
 -5.747215e-01
 -5.747215e-01
 -5.747215e-01
 -5.747215e-01
 -5.747215e-01
 -5.372312e-01
 -5.372312e-01
 -5.372312e-01
 -5.372312e-01
 -5.372312e-01
 -5.372312e-01
 -5.372312e-01
 -5.007288e-01
 -5.007288e-01
 -5.007288e-01
 -5.007288e-01
 -5.007288e-01
 -5.007288e-01
 -5.007288e-01
 -4.651884e-01
 -4.651884e-01
 -4.651884e-01
 -4.651884e-01
 -4.651884e-01
 -4.651884e-01
 -4.651884e-01
 -4.305849e-01
 -4.305849e-01
 -4.305849e-01
 -4.305849e-01
 -4.305849e-01
 -4.305849e-01
 -4.305849e-01
 -3.968936e-01
 -3.968936e-01
 -3.968936e-01
 -3.968936e-01
 -3.968936e-01
 -3.968936e-01
 -3.968936e-01
 -3.640907e-01
 -3.640907e-01
 -3.640907e-01
 -3.640907e-01
 -3.640907e-01
 -3.640907e-01
 -3.640907e-01
 -3.321528e-01
 -3.321528e-01
 -3.321528e-01
 -3.321528e-01
 -3.321528e-01
 -3.321528e-01
 -3.321528e-01
 -3.010574e-01
 -3.010574e-01
 -3.010574e-01
 -3.010574e-01
 -3.010574e-01
 -3.010574e-01
 -3.010574e-01
 -2.707822e-01
 -2.707822e-01
 -2.707822e-01
 -2.707822e-01
 -2.707822e-01
 -2.707822e-01
 -2.707822e-01
 -2.413057e-01
 -2.413057e-01
 -2.413057e-01
 -2.413057e-01
 -2.413057e-01
 -2.413057e-01
 -2.413057e-01
 -2.126070e-01
 -2.126070e-01
 -2.126070e-01
 -2.126070e-01
 -2.126070e-01
 -2.126070e-01
 -2.126070e-01
 -1.846656e-01
 -1.846656e-01
 -1.846656e-01
 -1.846656e-01
 -1.846656e-01
 -1.846656e-01
 -1.846656e-01
 -1.574617e-01
 -1.574617e-01
 -1.574617e-01
 -1.574617e-01
 -1.574617e-01
 -1.574617e-01
 -1.574617e-01
 -1.309758e-01
 -1.309758e-01
 -1.309758e-01
 -1.309758e-01
 -1.309758e-01
 -1.309758e-01
 -1.309758e-01
 -1.051891e-01
 -1.051891e-01
 -1.051891e-01
 -1.051891e-01
 -1.051891e-01
 -1.051891e-01
 -1.051891e-01
 -8.008315e-02
 -8.008315e-02
 -8.008315e-02
 -8.008315e-02
 -8.008315e-02
 -8.008315e-02
 -8.008315e-02
 -5.564005e-02
 -5.564005e-02
 -5.564005e-02
 -5.564005e-02
 -5.564005e-02
 -5.564005e-02
 -5.564005e-02
 -3.184237e-02
 -3.184237e-02
 -3.184237e-02
 -3.184237e-02
 -3.184237e-02
 -3.184237e-02
 -3.184237e-02
 -8.673098e-03
 -8.673098e-03
 -8.673098e-03
 -8.673098e-03
 -8.673098e-03
 -8.673098e-03
 -8.673098e-03
 1.388431e-02
 1.388431e-02
 1.388431e-02
 1.388431e-02
 1.388431e-02
 1.388431e-02
 1.388431e-02
 3.584597e-02
 3.584597e-02
 3.584597e-02
 3.584597e-02
 3.584597e-02
 3.584597e-02
 3.584597e-02
 5.722758e-02
 5.722758e-02
 5.722758e-02
 5.722758e-02
 5.722758e-02
 5.722758e-02
 5.722758e-02
 7.804444e-02
 7.804444e-02
 7.804444e-02
 7.804444e-02
 7.804444e-02
 7.804444e-02
 7.804444e-02
 9.831143e-02
 9.831143e-02
 9.831143e-02
 9.831143e-02
 9.831143e-02
 9.831143e-02
 9.831143e-02
 1.180431e-01
 1.180431e-01
 1.180431e-01
 1.180431e-01
 1.180431e-01
 1.180431e-01
 1.180431e-01
 1.372535e-01
 1.372535e-01
 1.372535e-01
 1.372535e-01
 1.372535e-01
 1.372535e-01
 1.372535e-01
 1.559564e-01
 1.559564e-01
 1.559564e-01
 1.559564e-01
 1.559564e-01
 1.559564e-01
 1.559564e-01
 1.741652e-01
 1.741652e-01
 1.741652e-01
 1.741652e-01
 1.741652e-01
 1.741652e-01
 1.741652e-01
 1.918930e-01
 1.918930e-01
 1.918930e-01
 1.918930e-01
 1.918930e-01
 1.918930e-01
 1.918930e-01
 2.091525e-01
 2.091525e-01
 2.091525e-01
 2.091525e-01
 2.091525e-01
 2.091525e-01
 2.091525e-01
 2.259559e-01
 2.259559e-01
 2.259559e-01
 2.259559e-01
 2.259559e-01
 2.259559e-01
 2.259559e-01
 2.423155e-01
 2.423155e-01
 2.423155e-01
 2.423155e-01
 2.423155e-01
 2.423155e-01
 2.423155e-01
 2.582429e-01
 2.582429e-01
 2.582429e-01
 2.582429e-01
 2.582429e-01
 2.582429e-01
 2.582429e-01
 2.737495e-01
 2.737495e-01
 2.737495e-01
 2.737495e-01
 2.737495e-01
 2.737495e-01
 2.737495e-01
 2.888465e-01
 2.888465e-01
 2.888465e-01
 2.888465e-01
 2.888465e-01
 2.888465e-01
 2.888465e-01
 3.035447e-01
 3.035447e-01
 3.035447e-01
 3.035447e-01
 3.035447e-01
 3.035447e-01
 3.035447e-01
 3.178546e-01
 3.178546e-01
 3.178546e-01
 3.178546e-01
 3.178546e-01
 3.178546e-01
 3.178546e-01
 3.317865e-01
 3.317865e-01
 3.317865e-01
 3.317865e-01
 3.317865e-01
 3.317865e-01
 3.317865e-01
 3.453504e-01
 3.453504e-01
 3.453504e-01
 3.453504e-01
 3.453504e-01
 3.453504e-01
 3.453504e-01
 3.585561e-01
 3.585561e-01
 3.585561e-01
 3.585561e-01
 3.585561e-01
 3.585561e-01
 3.585561e-01
 3.714131e-01
 3.714131e-01
 3.714131e-01
 3.714131e-01
 3.714131e-01
 3.714131e-01
 3.714131e-01
 3.839304e-01
 3.839304e-01
 3.839304e-01
 3.839304e-01
 3.839304e-01
 3.839304e-01
 3.839304e-01
 3.961173e-01
 3.961173e-01
 3.961173e-01
 3.961173e-01
 3.961173e-01
 3.961173e-01
 3.961173e-01
 4.079823e-01
 4.079823e-01
 4.079823e-01
 4.079823e-01
 4.079823e-01
 4.079823e-01
 4.079823e-01
 4.195341e-01
 4.195341e-01
 4.195341e-01
 4.195341e-01
 4.195341e-01
 4.195341e-01
 4.195341e-01
 4.307809e-01
 4.307809e-01
 4.307809e-01
 4.307809e-01
 4.307809e-01
 4.307809e-01
 4.307809e-01
 4.417309e-01
 4.417309e-01
 4.417309e-01
 4.417309e-01
 4.417309e-01
 4.417309e-01
 4.417309e-01
 4.523917e-01
 4.523917e-01
 4.523917e-01
 4.523917e-01
 4.523917e-01
 4.523917e-01
 4.523917e-01
 4.627713e-01
 4.627713e-01
 4.627713e-01
 4.627713e-01
 4.627713e-01
 4.627713e-01
 4.627713e-01
 4.728769e-01
 4.728769e-01
 4.728769e-01
 4.728769e-01
 4.728769e-01
 4.728769e-01
 4.728769e-01
 4.827158e-01
 4.827158e-01
 4.827158e-01
 4.827158e-01
 4.827158e-01
 4.827158e-01
 4.827158e-01
 4.922951e-01
 4.922951e-01
 4.922951e-01
 4.922951e-01
 4.922951e-01
 4.922951e-01
 4.922951e-01
 5.016218e-01
 5.016218e-01
 5.016218e-01
 5.016218e-01
 5.016218e-01
 5.016218e-01
 5.016218e-01
 5.107024e-01
 5.107024e-01
 5.107024e-01
 5.107024e-01
 5.107024e-01
 5.107024e-01
 5.107024e-01
 5.195435e-01
 5.195435e-01
 5.195435e-01
 5.195435e-01
 5.195435e-01
 5.195435e-01
 5.195435e-01
 5.281514e-01
 5.281514e-01
 5.281514e-01
 5.281514e-01
 5.281514e-01
 5.281514e-01
 5.281514e-01
 5.365324e-01
 5.365324e-01
 5.365324e-01
 5.365324e-01
 5.365324e-01
 5.365324e-01
 5.365324e-01
 5.446924e-01
 5.446924e-01
 5.446924e-01
 5.446924e-01
 5.446924e-01
 5.446924e-01
 5.446924e-01
 5.526374e-01
 5.526374e-01
 5.526374e-01
 5.526374e-01
 5.526374e-01
 5.526374e-01
 5.526374e-01
 5.603729e-01
 5.603729e-01
 5.603729e-01
 5.603729e-01
 5.603729e-01
 5.603729e-01
 5.603729e-01
 5.679045e-01
 5.679045e-01
 5.679045e-01
 5.679045e-01
 5.679045e-01
 5.679045e-01
 5.679045e-01
 5.752377e-01
 5.752377e-01
 5.752377e-01
 5.752377e-01
 5.752377e-01
 5.752377e-01
 5.752377e-01
 5.823777e-01
 5.823777e-01
 5.823777e-01
 5.823777e-01
 5.823777e-01
 5.823777e-01
 5.823777e-01
 5.893296e-01
 5.893296e-01
 5.893296e-01
 5.893296e-01
 5.893296e-01
 5.893296e-01
 5.893296e-01
 5.960984e-01
 5.960984e-01
 5.960984e-01
 5.960984e-01
 5.960984e-01
 5.960984e-01
 5.960984e-01
 6.026889e-01
 6.026889e-01
 6.026889e-01
 6.026889e-01
 6.026889e-01
 6.026889e-01
 6.026889e-01
 6.091059e-01
 6.091059e-01
 6.091059e-01
 6.091059e-01
 6.091059e-01
 6.091059e-01
 6.091059e-01
 6.153539e-01
 6.153539e-01
 6.153539e-01
 6.153539e-01
 6.153539e-01
 6.153539e-01
 6.153539e-01
 6.214374e-01
 6.214374e-01
 6.214374e-01
 6.214374e-01
 6.214374e-01
 6.214374e-01
 6.214374e-01
 6.273608e-01
 6.273608e-01
 6.273608e-01
 6.273608e-01
 6.273608e-01
 6.273608e-01
 6.273608e-01
 6.331283e-01
 6.331283e-01
 6.331283e-01
 6.331283e-01
 6.331283e-01
 6.331283e-01
 6.331283e-01
 6.387440e-01
 6.387440e-01
 6.387440e-01
 6.387440e-01
 6.387440e-01
 6.387440e-01
 6.387440e-01
 6.442119e-01
 6.442119e-01
 6.442119e-01
 6.442119e-01
 6.442119e-01
 6.442119e-01
 6.442119e-01
 6.495360e-01
 6.495360e-01
 6.495360e-01
 6.495360e-01
 6.495360e-01
 6.495360e-01
 6.495360e-01
 6.547200e-01
 6.547200e-01
 6.547200e-01
 6.547200e-01
 6.547200e-01
 6.547200e-01
 6.547200e-01
 6.597676e-01
 6.597676e-01
 6.597676e-01
 6.597676e-01
 6.597676e-01
 6.597676e-01
 6.597676e-01
 6.646824e-01
 6.646824e-01
 6.646824e-01
 6.646824e-01
 6.646824e-01
 6.646824e-01
 6.646824e-01
 6.694679e-01
 6.694679e-01
 6.694679e-01
 6.694679e-01
 6.694679e-01
 6.694679e-01
 6.694679e-01
 6.741275e-01
 6.741275e-01
 6.741275e-01
 6.741275e-01
 6.741275e-01
 6.741275e-01
 6.741275e-01
 6.786645e-01
 6.786645e-01
 6.786645e-01
 6.786645e-01
 6.786645e-01
 6.786645e-01
 6.786645e-01
 6.830822e-01
 6.830822e-01
 6.830822e-01
 6.830822e-01
 6.830822e-01
 6.830822e-01
 6.830822e-01
 6.873836e-01
 6.873836e-01
 6.873836e-01
 6.873836e-01
 6.873836e-01
 6.873836e-01
 6.873836e-01
 6.915719e-01
 6.915719e-01
 6.915719e-01
 6.915719e-01
 6.915719e-01
 6.915719e-01
 6.915719e-01
 6.956500e-01
 6.956500e-01
 6.956500e-01
 6.956500e-01
 6.956500e-01
 6.956500e-01
 6.956500e-01
 6.996207e-01
 6.996207e-01
 6.996207e-01
 6.996207e-01
 6.996207e-01
 6.996207e-01
 6.996207e-01
 7.034870e-01
 7.034870e-01
 7.034870e-01
 7.034870e-01
 7.034870e-01
 7.034870e-01
 7.034870e-01
 7.072514e-01
 7.072514e-01
 7.072514e-01
 7.072514e-01
 7.072514e-01
 7.072514e-01
 7.072514e-01
 7.109168e-01
 7.109168e-01
 7.109168e-01
 7.109168e-01
 7.109168e-01
 7.109168e-01
 7.109168e-01
 7.144856e-01
 7.144856e-01
 7.144856e-01
 7.144856e-01
 7.144856e-01
 7.144856e-01
 7.144856e-01
 7.179604e-01
 7.179604e-01
 7.179604e-01
 7.179604e-01
 7.179604e-01
 7.179604e-01
 7.179604e-01
 7.213436e-01
 7.213436e-01
 7.213436e-01
 7.213436e-01
 7.213436e-01
 7.213436e-01
 7.213436e-01
 7.246376e-01
 7.246376e-01
 7.246376e-01
 7.246376e-01
 7.246376e-01
 7.246376e-01
 7.246376e-01
 7.278447e-01
 7.278447e-01
 7.278447e-01
 7.278447e-01
 7.278447e-01
 7.278447e-01
 7.278447e-01
 7.309672e-01
 7.309672e-01
 7.309672e-01
 7.309672e-01
 7.309672e-01
 7.309672e-01
 7.309672e-01
 7.340073e-01
 7.340073e-01
 7.340073e-01
 7.340073e-01
 7.340073e-01
 7.340073e-01
 7.340073e-01
 7.369670e-01
 7.369670e-01
 7.369670e-01
 7.369670e-01
 7.369670e-01
 7.369670e-01
 7.369670e-01
 7.398485e-01
 7.398485e-01
 7.398485e-01
 7.398485e-01
 7.398485e-01
 7.398485e-01
 7.398485e-01
 7.426538e-01
 7.426538e-01
 7.426538e-01
 7.426538e-01
 7.426538e-01
 7.426538e-01
 7.426538e-01
 7.453848e-01
 7.453848e-01
 7.453848e-01
 7.453848e-01
 7.453848e-01
 7.453848e-01
 7.453848e-01
 7.480434e-01
 7.480434e-01
 7.480434e-01
 7.480434e-01
 7.480434e-01
 7.480434e-01
 7.480434e-01
 7.506315e-01
 7.506315e-01
 7.506315e-01
 7.506315e-01
 7.506315e-01
 7.506315e-01
 7.506315e-01
 7.531508e-01
 7.531508e-01
 7.531508e-01
 7.531508e-01
 7.531508e-01
 7.531508e-01
 7.531508e-01
 7.556032e-01
 7.556032e-01
 7.556032e-01
 7.556032e-01
 7.556032e-01
 7.556032e-01
 7.556032e-01
 7.579903e-01
 7.579903e-01
 7.579903e-01
 7.579903e-01
 7.579903e-01
 7.579903e-01
 7.579903e-01
 7.603137e-01
 7.603137e-01
 7.603137e-01
 7.603137e-01
 7.603137e-01
 7.603137e-01
 7.603137e-01
 7.625751e-01
 7.625751e-01
 7.625751e-01
 7.625751e-01
 7.625751e-01
 7.625751e-01
 7.625751e-01
 7.647761e-01
 7.647761e-01
 7.647761e-01
 7.647761e-01
 7.647761e-01
 7.647761e-01
 7.647761e-01
 7.669181e-01
 7.669181e-01
 7.669181e-01
 7.669181e-01
 7.669181e-01
 7.669181e-01
 7.669181e-01
 7.690026e-01
 7.690026e-01
 7.690026e-01
 7.690026e-01
 7.690026e-01
 7.690026e-01
 7.690026e-01
 7.710311e-01
 7.710311e-01
 7.710311e-01
 7.710311e-01
 7.710311e-01
 7.710311e-01
 7.710311e-01
 7.730050e-01
 7.730050e-01
 7.730050e-01
 7.730050e-01
 7.730050e-01
 7.730050e-01
 7.730050e-01
 7.749255e-01
 7.749255e-01
 7.749255e-01
 7.749255e-01
 7.749255e-01
 7.749255e-01
 7.749255e-01
 7.767941e-01
 7.767941e-01
 7.767941e-01
 7.767941e-01
 7.767941e-01
 7.767941e-01
 7.767941e-01
 7.786119e-01
 7.786119e-01
 7.786119e-01
 7.786119e-01
 7.786119e-01
 7.786119e-01
 7.786119e-01
 7.803803e-01
 7.803803e-01
 7.803803e-01
 7.803803e-01
 7.803803e-01
 7.803803e-01
 7.803803e-01
 7.821004e-01
 7.821004e-01
 7.821004e-01
 7.821004e-01
 7.821004e-01
 7.821004e-01
 7.821004e-01
 7.837734e-01
 7.837734e-01
 7.837734e-01
 7.837734e-01
 7.837734e-01
 7.837734e-01
 7.837734e-01
 7.854004e-01
 7.854004e-01
 7.854004e-01
 7.854004e-01
 7.854004e-01
 7.854004e-01
 7.854004e-01
 7.869826e-01
 7.869826e-01
 7.869826e-01
 7.869826e-01
 7.869826e-01
 7.869826e-01
 7.869826e-01
 7.885210e-01
 7.885210e-01
 7.885210e-01
 7.885210e-01
 7.885210e-01
 7.885210e-01
 7.885210e-01
 7.900166e-01
 7.900166e-01
 7.900166e-01
 7.900166e-01
 7.900166e-01
 7.900166e-01
 7.900166e-01
 7.914705e-01
 7.914705e-01
 7.914705e-01
 7.914705e-01
 7.914705e-01
 7.914705e-01
 7.914705e-01
 7.928836e-01
 7.928836e-01
 7.928836e-01
 7.928836e-01
 7.928836e-01
 7.928836e-01
 7.928836e-01
 7.942570e-01
 7.942570e-01
 7.942570e-01
 7.942570e-01
 7.942570e-01
 7.942570e-01
 7.942570e-01
 7.955914e-01
 7.955914e-01
 7.955914e-01
 7.955914e-01
 7.955914e-01
 7.955914e-01
 7.955914e-01
 7.968878e-01
 7.968878e-01
 7.968878e-01
 7.968878e-01
 7.968878e-01
 7.968878e-01
 7.968878e-01
 7.981471e-01
 7.981471e-01
 7.981471e-01
 7.981471e-01
 7.981471e-01
 7.981471e-01
 7.981471e-01
 7.993701e-01
 7.993701e-01
 7.993701e-01
 7.993701e-01
 7.993701e-01
 7.993701e-01
 7.993701e-01
 8.005577e-01
 8.005577e-01
 8.005577e-01
 8.005577e-01
 8.005577e-01
 8.005577e-01
 8.005577e-01
 8.017106e-01
 8.017106e-01
 8.017106e-01
 8.017106e-01
 8.017106e-01
 8.017106e-01
 8.017106e-01
 8.028296e-01
 8.028296e-01
 8.028296e-01
 8.028296e-01
 8.028296e-01
 8.028296e-01
 8.028296e-01
 8.039154e-01
 8.039154e-01
 8.039154e-01
 8.039154e-01
 8.039154e-01
 8.039154e-01
 8.039154e-01
 8.049688e-01
 8.049688e-01
 8.049688e-01
 8.049688e-01
 8.049688e-01
 8.049688e-01
 8.049688e-01
 8.059904e-01
 8.059904e-01
 8.059904e-01
 8.059904e-01
 8.059904e-01
 8.059904e-01
 8.059904e-01
 8.069810e-01
 8.069810e-01
 8.069810e-01
 8.069810e-01
 8.069810e-01
 8.069810e-01
 8.069810e-01
 8.079413e-01
 8.079413e-01
 8.079413e-01
 8.079413e-01
 8.079413e-01
 8.079413e-01
 8.079413e-01
 8.088717e-01
 8.088717e-01
 8.088717e-01
 8.088717e-01
 8.088717e-01
 8.088717e-01
 8.088717e-01
 8.097730e-01
 8.097730e-01
 8.097730e-01
 8.097730e-01
 8.097730e-01
 8.097730e-01
 8.097730e-01
 8.106458e-01
 8.106458e-01
 8.106458e-01
 8.106458e-01
 8.106458e-01
 8.106458e-01
 8.106458e-01
 8.114906e-01
 8.114906e-01
 8.114906e-01
 8.114906e-01
 8.114906e-01
 8.114906e-01
 8.114906e-01
 8.123081e-01
 8.123081e-01
 8.123081e-01
 8.123081e-01
 8.123081e-01
 8.123081e-01
 8.123081e-01
 8.130987e-01
 8.130987e-01
 8.130987e-01
 8.130987e-01
 8.130987e-01
 8.130987e-01
 8.130987e-01
 8.138629e-01
 8.138629e-01
 8.138629e-01
 8.138629e-01
 8.138629e-01
 8.138629e-01
 8.138629e-01
 8.146013e-01
 8.146013e-01
 8.146013e-01
 8.146013e-01
 8.146013e-01
 8.146013e-01
 8.146013e-01
 8.153145e-01
 8.153145e-01
 8.153145e-01
 8.153145e-01
 8.153145e-01
 8.153145e-01
 8.153145e-01
 8.160027e-01
 8.160027e-01
 8.160027e-01
 8.160027e-01
 8.160027e-01
 8.160027e-01
 8.160027e-01
 8.166666e-01
 8.166666e-01
 8.166666e-01
 8.166666e-01
 8.166666e-01
 8.166666e-01
 8.166666e-01
 8.173066e-01
 8.173066e-01
 8.173066e-01
 8.173066e-01
 8.173066e-01
 8.173066e-01
 8.173066e-01
 8.179230e-01
 8.179230e-01
 8.179230e-01
 8.179230e-01
 8.179230e-01
 8.179230e-01
 8.179230e-01
 8.185164e-01
 8.185164e-01
 8.185164e-01
 8.185164e-01
 8.185164e-01
 8.185164e-01
 8.185164e-01
 8.190871e-01
 8.190871e-01
 8.190871e-01
 8.190871e-01
 8.190871e-01
 8.190871e-01
 8.190871e-01
 8.196354e-01
 8.196354e-01
 8.196354e-01
 8.196354e-01
 8.196354e-01
 8.196354e-01
 8.196354e-01
 8.201619e-01
 8.201619e-01
 8.201619e-01
 8.201619e-01
 8.201619e-01
 8.201619e-01
 8.201619e-01
 8.206668e-01
 8.206668e-01
 8.206668e-01
 8.206668e-01
 8.206668e-01
 8.206668e-01
 8.206668e-01
 8.211505e-01
 8.211505e-01
 8.211505e-01
 8.211505e-01
 8.211505e-01
 8.211505e-01
 8.211505e-01
 8.216134e-01
 8.216134e-01
 8.216134e-01
 8.216134e-01
 8.216134e-01
 8.216134e-01
 8.216134e-01
 8.220557e-01
 8.220557e-01
 8.220557e-01
 8.220557e-01
 8.220557e-01
 8.220557e-01
 8.220557e-01
 8.224778e-01
 8.224778e-01
 8.224778e-01
 8.224778e-01
 8.224778e-01
 8.224778e-01
 8.224778e-01
 8.228799e-01
 8.228799e-01
 8.228799e-01
 8.228799e-01
 8.228799e-01
 8.228799e-01
 8.228799e-01
 8.232625e-01
 8.232625e-01
 8.232625e-01
 8.232625e-01
 8.232625e-01
 8.232625e-01
 8.232625e-01
 8.236257e-01
 8.236257e-01
 8.236257e-01
 8.236257e-01
 8.236257e-01
 8.236257e-01
 8.236257e-01
 8.239698e-01
 8.239698e-01
 8.239698e-01
 8.239698e-01
 8.239698e-01
 8.239698e-01
 8.239698e-01
 8.242951e-01
 8.242951e-01
 8.242951e-01
 8.242951e-01
 8.242951e-01
 8.242951e-01
 8.242951e-01
 8.246019e-01
 8.246019e-01
 8.246019e-01
 8.246019e-01
 8.246019e-01
 8.246019e-01
 8.246019e-01
 8.248903e-01
 8.248903e-01
 8.248903e-01
 8.248903e-01
 8.248903e-01
 8.248903e-01
 8.248903e-01
 8.251607e-01
 8.251607e-01
 8.251607e-01
 8.251607e-01
 8.251607e-01
 8.251607e-01
 8.251607e-01
 8.254132e-01
 8.254132e-01
 8.254132e-01
 8.254132e-01
 8.254132e-01
 8.254132e-01
 8.254132e-01
 8.256480e-01
 8.256480e-01
 8.256480e-01
 8.256480e-01
 8.256480e-01
 8.256480e-01
 8.256480e-01
 8.258654e-01
 8.258654e-01
 8.258654e-01
 8.258654e-01
 8.258654e-01
 8.258654e-01
 8.258654e-01
 8.260656e-01
 8.260656e-01
 8.260656e-01
 8.260656e-01
 8.260656e-01
 8.260656e-01
 8.260656e-01
 8.262487e-01
 8.262487e-01
 8.262487e-01
 8.262487e-01
 8.262487e-01
 8.262487e-01
 8.262487e-01
 8.264149e-01
 8.264149e-01
 8.264149e-01
 8.264149e-01
 8.264149e-01
 8.264149e-01
 8.264149e-01
 8.265645e-01
 8.265645e-01
 8.265645e-01
 8.265645e-01
 8.265645e-01
 8.265645e-01
 8.265645e-01
 8.266975e-01
 8.266975e-01
 8.266975e-01
 8.266975e-01
 8.266975e-01
 8.266975e-01
 8.266975e-01
 8.268141e-01
 8.268141e-01
 8.268141e-01
 8.268141e-01
 8.268141e-01
 8.268141e-01
 8.268141e-01
 8.269146e-01
 8.269146e-01
 8.269146e-01
 8.269146e-01
 8.269146e-01
 8.269146e-01
 8.269146e-01
 8.269989e-01
 8.269989e-01
 8.269989e-01
 8.269989e-01
 8.269989e-01
 8.269989e-01
 8.269989e-01
 8.270674e-01
 8.270674e-01
 8.270674e-01
 8.270674e-01
 8.270674e-01
 8.270674e-01
 8.270674e-01
 8.271200e-01
 8.271200e-01
 8.271200e-01
 8.271200e-01
 8.271200e-01
 8.271200e-01
 8.271200e-01
 8.271570e-01
 8.271570e-01
 8.271570e-01
 8.271570e-01
 8.271570e-01
 8.271570e-01
 8.271570e-01
 8.271784e-01
 8.271784e-01
 8.271784e-01
 8.271784e-01
 8.271784e-01
 8.271784e-01
 8.271784e-01
 8.271844e-01
 8.271844e-01
 8.271844e-01
 8.271844e-01
 8.271844e-01
 8.271844e-01
 8.271844e-01
 8.271751e-01
 8.271751e-01
 8.271751e-01
 8.271751e-01
 8.271751e-01
 8.271751e-01
 8.271751e-01
 8.271506e-01
 8.271506e-01
 8.271506e-01
 8.271506e-01
 8.271506e-01
 8.271506e-01
 8.271506e-01
 8.271109e-01
 8.271109e-01
 8.271109e-01
 8.271109e-01
 8.271109e-01
 8.271109e-01
 8.271109e-01
 8.271109e-01
 8.271109e-01
 8.271109e-01
 8.271109e-01
 8.271109e-01
 8.271109e-01
 8.271109e-01
 8.271109e-01
 8.271109e-01
 8.271109e-01
 8.271109e-01
 8.271109e-01
 8.270563e-01
 8.270563e-01
 8.270563e-01
 8.270563e-01
 8.270563e-01
 8.270563e-01
 8.270563e-01
 8.270563e-01
 8.270563e-01
 8.270563e-01
 8.270563e-01
 8.270563e-01
 8.270563e-01
 8.270563e-01
 8.284233e-01
 8.284233e-01
 8.284233e-01
 8.284233e-01
 8.284233e-01
 8.284233e-01
 8.284233e-01
 8.340552e-01
 8.340552e-01
 8.340552e-01
 8.340552e-01
 8.340552e-01
 8.340552e-01
 8.340552e-01
 8.452985e-01
 8.452985e-01
 8.452985e-01
 8.452985e-01
 8.452985e-01
 8.452985e-01
 8.452985e-01
 8.620351e-01
 8.620351e-01
 8.620351e-01
 8.620351e-01
 8.620351e-01
 8.620351e-01
 8.620351e-01
 8.620351e-01
 8.620351e-01
 8.620351e-01
 8.620351e-01
 8.620351e-01
 8.620351e-01
 8.620351e-01
 8.620351e-01
 8.620351e-01
 8.620351e-01
 8.620351e-01
 8.620351e-01
 8.841497e-01
 8.841497e-01
 8.841497e-01
 8.841497e-01
 8.841497e-01
 8.841497e-01
 8.841497e-01
 9.115299e-01
 9.115299e-01
 9.115299e-01
 9.115299e-01
 9.115299e-01
 9.115299e-01
 9.115299e-01
 9.440659e-01
 9.440659e-01
 9.440659e-01
 9.440659e-01
 9.440659e-01
 9.440659e-01
 9.440659e-01
 9.816508e-01
 9.816508e-01
 9.816508e-01
 9.816508e-01
 9.816508e-01
 9.816508e-01
 9.816508e-01
 1.024180e+00
 1.024180e+00
 1.024180e+00
 1.024180e+00
 1.024180e+00
 1.024180e+00
 1.024180e+00
 1.071552e+00
 1.071552e+00
 1.071552e+00
 1.071552e+00
 1.071552e+00
 1.071552e+00
 1.071552e+00
 1.123667e+00
 1.123667e+00
 1.123667e+00
 1.123667e+00
 1.123667e+00
 1.123667e+00
 1.123667e+00
 1.180429e+00
 1.180429e+00
 1.180429e+00
 1.180429e+00
 1.180429e+00
 1.180429e+00
 1.180429e+00
 1.241742e+00
 1.241742e+00
 1.241742e+00
 1.241742e+00
 1.241742e+00
 1.241742e+00
 1.241742e+00
 1.307514e+00
 1.307514e+00
 1.307514e+00
 1.307514e+00
 1.307514e+00
 1.307514e+00
 1.307514e+00
 1.377655e+00
 1.377655e+00
 1.377655e+00
 1.377655e+00
 1.377655e+00
 1.377655e+00
 1.377655e+00
 1.452077e+00
 1.452077e+00
 1.452077e+00
 1.452077e+00
 1.452077e+00
 1.452077e+00
 1.452077e+00
 1.530695e+00
 1.530695e+00
 1.530695e+00
 1.530695e+00
 1.530695e+00
 1.530695e+00
 1.530695e+00
 1.613424e+00
 1.613424e+00
 1.613424e+00
 1.613424e+00
 1.613424e+00
 1.613424e+00
 1.613424e+00
 1.700182e+00
 1.700182e+00
 1.700182e+00
 1.700182e+00
 1.700182e+00
 1.700182e+00
 1.700182e+00
 1.790890e+00
 1.790890e+00
 1.790890e+00
 1.790890e+00
 1.790890e+00
 1.790890e+00
 1.790890e+00
 1.885470e+00
 1.885470e+00
 1.885470e+00
 1.885470e+00
 1.885470e+00
 1.885470e+00
 1.885470e+00
 1.983846e+00
 1.983846e+00
 1.983846e+00
 1.983846e+00
 1.983846e+00
 1.983846e+00
 1.983846e+00
 2.085942e+00
 2.085942e+00
 2.085942e+00
 2.085942e+00
 2.085942e+00
 2.085942e+00
 2.085942e+00
 2.191687e+00
 2.191687e+00
 2.191687e+00
 2.191687e+00
 2.191687e+00
 2.191687e+00
 2.191687e+00
 2.301010e+00
 2.301010e+00
 2.301010e+00
 2.301010e+00
 2.301010e+00
 2.301010e+00
 2.301010e+00
 2.413841e+00
 2.413841e+00
 2.413841e+00
 2.413841e+00
 2.413841e+00
 2.413841e+00
 2.413841e+00
 2.530112e+00
 2.530112e+00
 2.530112e+00
 2.530112e+00
 2.530112e+00
 2.530112e+00
 2.530112e+00
 2.649758e+00
 2.649758e+00
 2.649758e+00
 2.649758e+00
 2.649758e+00
 2.649758e+00
 2.649758e+00
 2.772714e+00
 2.772714e+00
 2.772714e+00
 2.772714e+00
 2.772714e+00
 2.772714e+00
 2.772714e+00
 2.898916e+00
 2.898916e+00
 2.898916e+00
 2.898916e+00
 2.898916e+00
 2.898916e+00
 2.898916e+00
 3.028303e+00
 3.028303e+00
 3.028303e+00
 3.028303e+00
 3.028303e+00
 3.028303e+00
 3.028303e+00
 3.160815e+00
 3.160815e+00
 3.160815e+00
 3.160815e+00
 3.160815e+00
 3.160815e+00
 3.160815e+00
 3.296392e+00
 3.296392e+00
 3.296392e+00
 3.296392e+00
 3.296392e+00
 3.296392e+00
 3.296392e+00
 3.434977e+00
 3.434977e+00
 3.434977e+00
 3.434977e+00
 3.434977e+00
 3.434977e+00
 3.434977e+00
 3.576513e+00
 3.576513e+00
 3.576513e+00
 3.576513e+00
 3.576513e+00
 3.576513e+00
 3.576513e+00
 3.720946e+00
 3.720946e+00
 3.720946e+00
 3.720946e+00
 3.720946e+00
 3.720946e+00
 3.720946e+00
 3.868221e+00
 3.868221e+00
 3.868221e+00
 3.868221e+00
 3.868221e+00
 3.868221e+00
 3.868221e+00
 4.018285e+00
 4.018285e+00
 4.018285e+00
 4.018285e+00
 4.018285e+00
 4.018285e+00
 4.018285e+00
 4.171088e+00
 4.171088e+00
 4.171088e+00
 4.171088e+00
 4.171088e+00
 4.171088e+00
 4.171088e+00
 4.326578e+00
 4.326578e+00
 4.326578e+00
 4.326578e+00
 4.326578e+00
 4.326578e+00
 4.326578e+00
 4.484706e+00
 4.484706e+00
 4.484706e+00
 4.484706e+00
 4.484706e+00
 4.484706e+00
 4.484706e+00
 4.645423e+00
 4.645423e+00
 4.645423e+00
 4.645423e+00
 4.645423e+00
 4.645423e+00
 4.645423e+00
 4.808682e+00
 4.808682e+00
 4.808682e+00
 4.808682e+00
 4.808682e+00
 4.808682e+00
 4.808682e+00
 4.974437e+00
 4.974437e+00
 4.974437e+00
 4.974437e+00
 4.974437e+00
 4.974437e+00
 4.974437e+00
 5.142643e+00
 5.142643e+00
 5.142643e+00
 5.142643e+00
 5.142643e+00
 5.142643e+00
 5.142643e+00
 5.313254e+00
 5.313254e+00
 5.313254e+00
 5.313254e+00
 5.313254e+00
 5.313254e+00
 5.313254e+00
 5.486227e+00
 5.486227e+00
 5.486227e+00
 5.486227e+00
 5.486227e+00
 5.486227e+00
 5.486227e+00
 5.661520e+00
 5.661520e+00
 5.661520e+00
 5.661520e+00
 5.661520e+00
 5.661520e+00
 5.661520e+00
 5.839090e+00
 5.839090e+00
 5.839090e+00
 5.839090e+00
 5.839090e+00
 5.839090e+00
 5.839090e+00
 6.018897e+00
 6.018897e+00
 6.018897e+00
 6.018897e+00
 6.018897e+00
 6.018897e+00
 6.018897e+00
 6.200899e+00
 6.200899e+00
 6.200899e+00
 6.200899e+00
 6.200899e+00
 6.200899e+00
 6.200899e+00
 6.385059e+00
 6.385059e+00
 6.385059e+00
 6.385059e+00
 6.385059e+00
 6.385059e+00
 6.385059e+00
 6.571336e+00
 6.571336e+00
 6.571336e+00
 6.571336e+00
 6.571336e+00
 6.571336e+00
 6.571336e+00
 6.759693e+00
 6.759693e+00
 6.759693e+00
 6.759693e+00
 6.759693e+00
 6.759693e+00
 6.759693e+00
 6.950093e+00
 6.950093e+00
 6.950093e+00
 6.950093e+00
 6.950093e+00
 6.950093e+00
 6.950093e+00
 7.142499e+00
 7.142499e+00
 7.142499e+00
 7.142499e+00
 7.142499e+00
 7.142499e+00
 7.142499e+00
 7.336876e+00
 7.336876e+00
 7.336876e+00
 7.336876e+00
 7.336876e+00
 7.336876e+00
 7.336876e+00
 7.533187e+00
 7.533187e+00
 7.533187e+00
 7.533187e+00
 7.533187e+00
 7.533187e+00
 7.533187e+00
 7.731398e+00
 7.731398e+00
 7.731398e+00
 7.731398e+00
 7.731398e+00
 7.731398e+00
 7.731398e+00
 7.931476e+00
 7.931476e+00
 7.931476e+00
 7.931476e+00
 7.931476e+00
 7.931476e+00
 7.931476e+00
 8.133386e+00
 8.133386e+00
 8.133386e+00
 8.133386e+00
 8.133386e+00
 8.133386e+00
 8.133386e+00
 8.337097e+00
 8.337097e+00
 8.337097e+00
 8.337097e+00
 8.337097e+00
 8.337097e+00
 8.337097e+00
 8.542575e+00
 8.542575e+00
 8.542575e+00
 8.542575e+00
 8.542575e+00
 8.542575e+00
 8.542575e+00
 8.749788e+00
 8.749788e+00
 8.749788e+00
 8.749788e+00
 8.749788e+00
 8.749788e+00
 8.749788e+00
 8.958707e+00
 8.958707e+00
 8.958707e+00
 8.958707e+00
 8.958707e+00
 8.958707e+00
 8.958707e+00
 9.169299e+00
 9.169299e+00
 9.169299e+00
 9.169299e+00
 9.169299e+00
 9.169299e+00
 9.169299e+00
 9.381535e+00
 9.381535e+00
 9.381535e+00
 9.381535e+00
 9.381535e+00
 9.381535e+00
 9.381535e+00
 9.595385e+00
 9.595385e+00
 9.595385e+00
 9.595385e+00
 9.595385e+00
 9.595385e+00
 9.595385e+00
 9.810819e+00
 9.810819e+00
 9.810819e+00
 9.810819e+00
 9.810819e+00
 9.810819e+00
 9.810819e+00
 1.002781e+01
 1.002781e+01
 1.002781e+01
 1.002781e+01
 1.002781e+01
 1.002781e+01
 1.002781e+01
 1.024633e+01
 1.024633e+01
 1.024633e+01
 1.024633e+01
 1.024633e+01
 1.024633e+01
 1.024633e+01
 1.046634e+01
 1.046634e+01
 1.046634e+01
 1.046634e+01
 1.046634e+01
 1.046634e+01
 1.046634e+01
 1.068783e+01
 1.068783e+01
 1.068783e+01
 1.068783e+01
 1.068783e+01
 1.068783e+01
 1.068783e+01
 1.091076e+01
 1.091076e+01
 1.091076e+01
 1.091076e+01
 1.091076e+01
 1.091076e+01
 1.091076e+01
 1.113511e+01
 1.113511e+01
 1.113511e+01
 1.113511e+01
 1.113511e+01
 1.113511e+01
 1.113511e+01
 1.136086e+01
 1.136086e+01
 1.136086e+01
 1.136086e+01
 1.136086e+01
 1.136086e+01
 1.136086e+01
 1.158796e+01
 1.158796e+01
 1.158796e+01
 1.158796e+01
 1.158796e+01
 1.158796e+01
 1.158796e+01
 1.181641e+01
 1.181641e+01
 1.181641e+01
 1.181641e+01
 1.181641e+01
 1.181641e+01
 1.181641e+01
 1.204617e+01
 1.204617e+01
 1.204617e+01
 1.204617e+01
 1.204617e+01
 1.204617e+01
 1.204617e+01
 1.227721e+01
 1.227721e+01
 1.227721e+01
 1.227721e+01
 1.227721e+01
 1.227721e+01
 1.227721e+01
 1.250953e+01
 1.250953e+01
 1.250953e+01
 1.250953e+01
 1.250953e+01
 1.250953e+01
 1.250953e+01
 1.274308e+01
 1.274308e+01
 1.274308e+01
 1.274308e+01
 1.274308e+01
 1.274308e+01
 1.274308e+01
 1.297784e+01
 1.297784e+01
 1.297784e+01
 1.297784e+01
 1.297784e+01
 1.297784e+01
 1.297784e+01
 1.321380e+01
 1.321380e+01
 1.321380e+01
 1.321380e+01
 1.321380e+01
 1.321380e+01
 1.321380e+01
 1.345093e+01
 1.345093e+01
 1.345093e+01
 1.345093e+01
 1.345093e+01
 1.345093e+01
 1.345093e+01
 1.368920e+01
 1.368920e+01
 1.368920e+01
 1.368920e+01
 1.368920e+01
 1.368920e+01
 1.368920e+01
 1.392859e+01
 1.392859e+01
 1.392859e+01
 1.392859e+01
 1.392859e+01
 1.392859e+01
 1.392859e+01
 1.416907e+01
 1.416907e+01
 1.416907e+01
 1.416907e+01
 1.416907e+01
 1.416907e+01
 1.416907e+01
 1.441064e+01
 1.441064e+01
 1.441064e+01
 1.441064e+01
 1.441064e+01
 1.441064e+01
 1.441064e+01
 1.465325e+01
 1.465325e+01
 1.465325e+01
 1.465325e+01
 1.465325e+01
 1.465325e+01
 1.465325e+01
 1.489690e+01
 1.489690e+01
 1.489690e+01
 1.489690e+01
 1.489690e+01
 1.489690e+01
 1.489690e+01
 1.514156e+01
 1.514156e+01
 1.514156e+01
 1.514156e+01
 1.514156e+01
 1.514156e+01
 1.514156e+01
 1.538720e+01
 1.538720e+01
 1.538720e+01
 1.538720e+01
 1.538720e+01
 1.538720e+01
 1.538720e+01
 1.563381e+01
 1.563381e+01
 1.563381e+01
 1.563381e+01
 1.563381e+01
 1.563381e+01
 1.563381e+01
 1.588136e+01
 1.588136e+01
 1.588136e+01
 1.588136e+01
 1.588136e+01
 1.588136e+01
 1.588136e+01
 1.612983e+01
 1.612983e+01
 1.612983e+01
 1.612983e+01
 1.612983e+01
 1.612983e+01
 1.612983e+01
 1.637921e+01
 1.637921e+01
 1.637921e+01
 1.637921e+01
 1.637921e+01
 1.637921e+01
 1.637921e+01
 1.662947e+01
 1.662947e+01
 1.662947e+01
 1.662947e+01
 1.662947e+01
 1.662947e+01
 1.662947e+01
 1.688058e+01
 1.688058e+01
 1.688058e+01
 1.688058e+01
 1.688058e+01
 1.688058e+01
 1.688058e+01
 1.713254e+01
 1.713254e+01
 1.713254e+01
 1.713254e+01
 1.713254e+01
 1.713254e+01
 1.713254e+01
 1.738531e+01
 1.738531e+01
 1.738531e+01
 1.738531e+01
 1.738531e+01
 1.738531e+01
 1.738531e+01
 1.763889e+01
 1.763889e+01
 1.763889e+01
 1.763889e+01
 1.763889e+01
 1.763889e+01
 1.763889e+01
 1.789324e+01
 1.789324e+01
 1.789324e+01
 1.789324e+01
 1.789324e+01
 1.789324e+01
 1.789324e+01
 1.814835e+01
 1.814835e+01
 1.814835e+01
 1.814835e+01
 1.814835e+01
 1.814835e+01
 1.814835e+01
 1.840420e+01
 1.840420e+01
 1.840420e+01
 1.840420e+01
 1.840420e+01
 1.840420e+01
 1.840420e+01
 1.866076e+01
 1.866076e+01
 1.866076e+01
 1.866076e+01
 1.866076e+01
 1.866076e+01
 1.866076e+01
 1.891803e+01
 1.891803e+01
 1.891803e+01
 1.891803e+01
 1.891803e+01
 1.891803e+01
 1.891803e+01
 1.917598e+01
 1.917598e+01
 1.917598e+01
 1.917598e+01
 1.917598e+01
 1.917598e+01
 1.917598e+01
 1.943458e+01
 1.943458e+01
 1.943458e+01
 1.943458e+01
 1.943458e+01
 1.943458e+01
 1.943458e+01
 1.969383e+01
 1.969383e+01
 1.969383e+01
 1.969383e+01
 1.969383e+01
 1.969383e+01
 1.969383e+01
 1.995370e+01
 1.995370e+01
 1.995370e+01
 1.995370e+01
 1.995370e+01
 1.995370e+01
 1.995370e+01
 2.021417e+01
 2.021417e+01
 2.021417e+01
 2.021417e+01
 2.021417e+01
 2.021417e+01
 2.021417e+01
 2.047522e+01
 2.047522e+01
 2.047522e+01
 2.047522e+01
 2.047522e+01
 2.047522e+01
 2.047522e+01
 2.073684e+01
 2.073684e+01
 2.073684e+01
 2.073684e+01
 2.073684e+01
 2.073684e+01
 2.073684e+01
 2.099901e+01
 2.099901e+01
 2.099901e+01
 2.099901e+01
 2.099901e+01
 2.099901e+01
 2.099901e+01
 2.126170e+01
 2.126170e+01
 2.126170e+01
 2.126170e+01
 2.126170e+01
 2.126170e+01
 2.126170e+01
 2.152490e+01
 2.152490e+01
 2.152490e+01
 2.152490e+01
 2.152490e+01
 2.152490e+01
 2.152490e+01
 2.178859e+01
 2.178859e+01
 2.178859e+01
 2.178859e+01
 2.178859e+01
 2.178859e+01
 2.178859e+01
 2.205275e+01
 2.205275e+01
 2.205275e+01
 2.205275e+01
 2.205275e+01
 2.205275e+01
 2.205275e+01
 2.231736e+01
 2.231736e+01
 2.231736e+01
 2.231736e+01
 2.231736e+01
 2.231736e+01
 2.231736e+01
 2.258241e+01
 2.258241e+01
 2.258241e+01
 2.258241e+01
 2.258241e+01
 2.258241e+01
 2.258241e+01
 2.284787e+01
 2.284787e+01
 2.284787e+01
 2.284787e+01
 2.284787e+01
 2.284787e+01
 2.284787e+01
 2.311373e+01
 2.311373e+01
 2.311373e+01
 2.311373e+01
 2.311373e+01
 2.311373e+01
 2.311373e+01
 2.337997e+01
 2.337997e+01
 2.337997e+01
 2.337997e+01
 2.337997e+01
 2.337997e+01
 2.337997e+01
 2.364657e+01
 2.364657e+01
 2.364657e+01
 2.364657e+01
 2.364657e+01
 2.364657e+01
 2.364657e+01
 2.391351e+01
 2.391351e+01
 2.391351e+01
 2.391351e+01
 2.391351e+01
 2.391351e+01
 2.391351e+01
 2.418078e+01
 2.418078e+01
 2.418078e+01
 2.418078e+01
 2.418078e+01
 2.418078e+01
 2.418078e+01
 2.444835e+01
 2.444835e+01
 2.444835e+01
 2.444835e+01
 2.444835e+01
 2.444835e+01
 2.444835e+01
 2.471622e+01
 2.471622e+01
 2.471622e+01
 2.471622e+01
 2.471622e+01
 2.471622e+01
 2.471622e+01
 2.498435e+01
 2.498435e+01
 2.498435e+01
 2.498435e+01
 2.498435e+01
 2.498435e+01
 2.498435e+01
 2.525274e+01
 2.525274e+01
 2.525274e+01
 2.525274e+01
 2.525274e+01
 2.525274e+01
 2.525274e+01
 2.552136e+01
 2.552136e+01
 2.552136e+01
 2.552136e+01
 2.552136e+01
 2.552136e+01
 2.552136e+01
 2.579020e+01
 2.579020e+01
 2.579020e+01
 2.579020e+01
 2.579020e+01
 2.579020e+01
 2.579020e+01
 2.605924e+01
 2.605924e+01
 2.605924e+01
 2.605924e+01
 2.605924e+01
 2.605924e+01
 2.605924e+01
 2.632846e+01
 2.632846e+01
 2.632846e+01
 2.632846e+01
 2.632846e+01
 2.632846e+01
 2.632846e+01
 2.659784e+01
 2.659784e+01
 2.659784e+01
 2.659784e+01
 2.659784e+01
 2.659784e+01
 2.659784e+01
 2.686737e+01
 2.686737e+01
 2.686737e+01
 2.686737e+01
 2.686737e+01
 2.686737e+01
 2.686737e+01
 2.713703e+01
 2.713703e+01
 2.713703e+01
 2.713703e+01
 2.713703e+01
 2.713703e+01
 2.713703e+01
 2.740680e+01
 2.740680e+01
 2.740680e+01
 2.740680e+01
 2.740680e+01
 2.740680e+01
 2.740680e+01
 2.767667e+01
 2.767667e+01
 2.767667e+01
 2.767667e+01
 2.767667e+01
 2.767667e+01
 2.767667e+01
 2.794661e+01
 2.794661e+01
 2.794661e+01
 2.794661e+01
 2.794661e+01
 2.794661e+01
 2.794661e+01
 2.821661e+01
 2.821661e+01
 2.821661e+01
 2.821661e+01
 2.821661e+01
 2.821661e+01
 2.821661e+01
 2.848664e+01
 2.848664e+01
 2.848664e+01
 2.848664e+01
 2.848664e+01
 2.848664e+01
 2.848664e+01
 2.875670e+01
 2.875670e+01
 2.875670e+01
 2.875670e+01
 2.875670e+01
 2.875670e+01
 2.875670e+01
 2.902677e+01
 2.902677e+01
 2.902677e+01
 2.902677e+01
 2.902677e+01
 2.902677e+01
 2.902677e+01
 2.929683e+01
 2.929683e+01
 2.929683e+01
 2.929683e+01
 2.929683e+01
 2.929683e+01
 2.929683e+01
 2.956685e+01
 2.956685e+01
 2.956685e+01
 2.956685e+01
 2.956685e+01
 2.956685e+01
 2.956685e+01
 2.983683e+01
 2.983683e+01
 2.983683e+01
 2.983683e+01
 2.983683e+01
 2.983683e+01
 2.983683e+01
 3.010675e+01
 3.010675e+01
 3.010675e+01
 3.010675e+01
 3.010675e+01
 3.010675e+01
 3.010675e+01
 3.037658e+01
 3.037658e+01
 3.037658e+01
 3.037658e+01
 3.037658e+01
 3.037658e+01
 3.037658e+01
 3.064632e+01
 3.064632e+01
 3.064632e+01
 3.064632e+01
 3.064632e+01
 3.064632e+01
 3.064632e+01
 3.091593e+01
 3.091593e+01
 3.091593e+01
 3.091593e+01
 3.091593e+01
 3.091593e+01
 3.091593e+01
 3.118542e+01
 3.118542e+01
 3.118542e+01
 3.118542e+01
 3.118542e+01
 3.118542e+01
 3.118542e+01
 3.145475e+01
 3.145475e+01
 3.145475e+01
 3.145475e+01
 3.145475e+01
 3.145475e+01
 3.145475e+01
 3.172392e+01
 3.172392e+01
 3.172392e+01
 3.172392e+01
 3.172392e+01
 3.172392e+01
 3.172392e+01
 3.199289e+01
 3.199289e+01
 3.199289e+01
 3.199289e+01
 3.199289e+01
 3.199289e+01
 3.199289e+01
 3.226165e+01
 3.226165e+01
 3.226165e+01
 3.226165e+01
 3.226165e+01
 3.226165e+01
 3.226165e+01
 3.253017e+01
 3.253017e+01
 3.253017e+01
 3.253017e+01
 3.253017e+01
 3.253017e+01
 3.253017e+01
 3.279843e+01
 3.279843e+01
 3.279843e+01
 3.279843e+01
 3.279843e+01
 3.279843e+01
 3.279843e+01
 3.306642e+01
 3.306642e+01
 3.306642e+01
 3.306642e+01
 3.306642e+01
 3.306642e+01
 3.306642e+01
 3.333411e+01
 3.333411e+01
 3.333411e+01
 3.333411e+01
 3.333411e+01
 3.333411e+01
 3.333411e+01
 3.360148e+01
 3.360148e+01
 3.360148e+01
 3.360148e+01
 3.360148e+01
 3.360148e+01
 3.360148e+01
 3.386852e+01
 3.386852e+01
 3.386852e+01
 3.386852e+01
 3.386852e+01
 3.386852e+01
 3.386852e+01
 3.413520e+01
 3.413520e+01
 3.413520e+01
 3.413520e+01
 3.413520e+01
 3.413520e+01
 3.413520e+01
 3.440151e+01
 3.440151e+01
 3.440151e+01
 3.440151e+01
 3.440151e+01
 3.440151e+01
 3.440151e+01
 3.466742e+01
 3.466742e+01
 3.466742e+01
 3.466742e+01
 3.466742e+01
 3.466742e+01
 3.466742e+01
 3.493292e+01
 3.493292e+01
 3.493292e+01
 3.493292e+01
 3.493292e+01
 3.493292e+01
 3.493292e+01
 3.519799e+01
 3.519799e+01
 3.519799e+01
 3.519799e+01
 3.519799e+01
 3.519799e+01
 3.519799e+01
 3.546261e+01
 3.546261e+01
 3.546261e+01
 3.546261e+01
 3.546261e+01
 3.546261e+01
 3.546261e+01
 3.572677e+01
 3.572677e+01
 3.572677e+01
 3.572677e+01
 3.572677e+01
 3.572677e+01
 3.572677e+01
 3.599044e+01
 3.599044e+01
 3.599044e+01
 3.599044e+01
 3.599044e+01
 3.599044e+01
 3.599044e+01
 3.625362e+01
 3.625362e+01
 3.625362e+01
 3.625362e+01
 3.625362e+01
 3.625362e+01
 3.625362e+01
 3.651629e+01
 3.651629e+01
 3.651629e+01
 3.651629e+01
 3.651629e+01
 3.651629e+01
 3.651629e+01
 3.677842e+01
 3.677842e+01
 3.677842e+01
 3.677842e+01
 3.677842e+01
 3.677842e+01
 3.677842e+01
 3.704000e+01
 3.704000e+01
 3.704000e+01
 3.704000e+01
 3.704000e+01
 3.704000e+01
 3.704000e+01
 3.730103e+01
 3.730103e+01
 3.730103e+01
 3.730103e+01
 3.730103e+01
 3.730103e+01
 3.730103e+01
 3.756147e+01
 3.756147e+01
 3.756147e+01
 3.756147e+01
 3.756147e+01
 3.756147e+01
 3.756147e+01
 3.782132e+01
 3.782132e+01
 3.782132e+01
 3.782132e+01
 3.782132e+01
 3.782132e+01
 3.782132e+01
 3.808056e+01
 3.808056e+01
 3.808056e+01
 3.808056e+01
 3.808056e+01
 3.808056e+01
 3.808056e+01
 3.833917e+01
 3.833917e+01
 3.833917e+01
 3.833917e+01
 3.833917e+01
 3.833917e+01
 3.833917e+01
 3.859715e+01
 3.859715e+01
 3.859715e+01
 3.859715e+01
 3.859715e+01
 3.859715e+01
 3.859715e+01
 3.885447e+01
 3.885447e+01
 3.885447e+01
 3.885447e+01
 3.885447e+01
 3.885447e+01
 3.885447e+01
 3.911113e+01
 3.911113e+01
 3.911113e+01
 3.911113e+01
 3.911113e+01
 3.911113e+01
 3.911113e+01
 3.936710e+01
 3.936710e+01
 3.936710e+01
 3.936710e+01
 3.936710e+01
 3.936710e+01
 3.936710e+01
 3.962238e+01
 3.962238e+01
 3.962238e+01
 3.962238e+01
 3.962238e+01
 3.962238e+01
 3.962238e+01
 3.987695e+01
 3.987695e+01
 3.987695e+01
 3.987695e+01
 3.987695e+01
 3.987695e+01
 3.987695e+01
 4.013079e+01
 4.013079e+01
 4.013079e+01
 4.013079e+01
 4.013079e+01
 4.013079e+01
 4.013079e+01
 4.038391e+01
 4.038391e+01
 4.038391e+01
 4.038391e+01
 4.038391e+01
 4.038391e+01
 4.038391e+01
 4.063629e+01
 4.063629e+01
 4.063629e+01
 4.063629e+01
 4.063629e+01
 4.063629e+01
 4.063629e+01
 4.088790e+01
 4.088790e+01
 4.088790e+01
 4.088790e+01
 4.088790e+01
 4.088790e+01
 4.088790e+01
 4.113874e+01
 4.113874e+01
 4.113874e+01
 4.113874e+01
 4.113874e+01
 4.113874e+01
 4.113874e+01
 4.138880e+01
 4.138880e+01
 4.138880e+01
 4.138880e+01
 4.138880e+01
 4.138880e+01
 4.138880e+01
 4.163807e+01
 4.163807e+01
 4.163807e+01
 4.163807e+01
 4.163807e+01
 4.163807e+01
 4.163807e+01
 4.188652e+01
 4.188652e+01
 4.188652e+01
 4.188652e+01
 4.188652e+01
 4.188652e+01
 4.188652e+01
 4.213414e+01
 4.213414e+01
 4.213414e+01
 4.213414e+01
 4.213414e+01
 4.213414e+01
 4.213414e+01
 4.238093e+01
 4.238093e+01
 4.238093e+01
 4.238093e+01
 4.238093e+01
 4.238093e+01
 4.238093e+01
 4.262686e+01
 4.262686e+01
 4.262686e+01
 4.262686e+01
 4.262686e+01
 4.262686e+01
 4.262686e+01
 4.287194e+01
 4.287194e+01
 4.287194e+01
 4.287194e+01
 4.287194e+01
 4.287194e+01
 4.287194e+01
 4.311614e+01
 4.311614e+01
 4.311614e+01
 4.311614e+01
 4.311614e+01
 4.311614e+01
 4.311614e+01
 4.335945e+01
 4.335945e+01
 4.335945e+01
 4.335945e+01
 4.335945e+01
 4.335945e+01
 4.335945e+01
 4.360187e+01
 4.360187e+01
 4.360187e+01
 4.360187e+01
 4.360187e+01
 4.360187e+01
 4.360187e+01
 4.360187e+01
 4.360187e+01
 4.360187e+01
 4.360187e+01
 4.360187e+01
 4.360187e+01
 4.360187e+01
 4.360187e+01
 4.360187e+01
 4.360187e+01
 4.384338e+01
 4.384338e+01
 4.384338e+01
 4.384338e+01
 4.384338e+01
 4.384338e+01
 4.384338e+01
 4.384338e+01
 4.384338e+01
 4.384338e+01
 4.384338e+01
 4.384338e+01
 4.384338e+01
 4.384338e+01
 4.384338e+01
 4.384338e+01
 4.384338e+01
 4.384338e+01
 4.384338e+01
 4.384338e+01
 4.384338e+01
 4.384338e+01
 4.384338e+01
 4.384338e+01
 4.384338e+01
 4.384338e+01
 4.384338e+01
 4.384338e+01
 4.408397e+01
 4.408397e+01
 4.408397e+01
 4.408397e+01
 4.408397e+01
 4.408397e+01
 4.408397e+01
 4.432363e+01
 4.432363e+01
 4.432363e+01
 4.432363e+01
 4.432363e+01
 4.432363e+01
 4.432363e+01
 4.456235e+01
 4.456235e+01
 4.456235e+01
 4.456235e+01
 4.456235e+01
 4.456235e+01
 4.456235e+01
 4.480012e+01
 4.480012e+01
 4.480012e+01
 4.480012e+01
 4.480012e+01
 4.480012e+01
 4.480012e+01
 4.503694e+01
 4.503694e+01
 4.503694e+01
 4.503694e+01
 4.503694e+01
 4.503694e+01
 4.503694e+01
 4.527279e+01
 4.527279e+01
 4.527279e+01
 4.527279e+01
 4.527279e+01
 4.527279e+01
 4.527279e+01
 4.550766e+01
 4.550766e+01
 4.550766e+01
 4.550766e+01
 4.550766e+01
 4.550766e+01
 4.550766e+01
 4.574153e+01
 4.574153e+01
 4.574153e+01
 4.574153e+01
 4.574153e+01
 4.574153e+01
 4.574153e+01
 4.597439e+01
 4.597439e+01
 4.597439e+01
 4.597439e+01
 4.597439e+01
 4.597439e+01
