 0
 0
 -1.916039e+00
 -1.916039e+00
 -1.916039e+00
 -1.916039e+00
 -1.916039e+00
 -1.916039e+00
 -1.916039e+00
 -1.916039e+00
 -1.916039e+00
 -1.916039e+00
 -1.916039e+00
 -1.916039e+00
 -1.916039e+00
 -1.916039e+00
 -1.916039e+00
 -1.916039e+00
 -1.916039e+00
 -1.916039e+00
 -1.916039e+00
 -1.916039e+00
 -1.916039e+00
 -1.916039e+00
 -1.916039e+00
 -1.916039e+00
 -1.916039e+00
 -1.916039e+00
 -1.916039e+00
 -1.916039e+00
 -1.916039e+00
 -1.916039e+00
 -1.916039e+00
 -1.916039e+00
 -1.916039e+00
 -1.916039e+00
 -1.916039e+00
 -1.916039e+00
 -1.916039e+00
 -1.916039e+00
 -1.916039e+00
 -1.916039e+00
 -1.916039e+00
 -1.916039e+00
 -1.916039e+00
 -1.916039e+00
 -1.916039e+00
 -1.916039e+00
 -1.916039e+00
 -1.916039e+00
 -1.916039e+00
 -1.916039e+00
 -1.916039e+00
 -1.916039e+00
 -1.916039e+00
 -1.916039e+00
 -1.916039e+00
 -1.916039e+00
 -1.916039e+00
 -1.916039e+00
 -1.916039e+00
 -1.916039e+00
 -1.916039e+00
 -1.916039e+00
 -1.916039e+00
 -1.916039e+00
 -1.916039e+00
 -1.916039e+00
 -1.916039e+00
 -1.916039e+00
 -1.916039e+00
 -1.916039e+00
 -1.916039e+00
 -1.916039e+00
 -1.916039e+00
 -1.916039e+00
 -1.916039e+00
 -1.916039e+00
 -1.916039e+00
 -1.916039e+00
 -1.916039e+00
 -1.916039e+00
 -1.916039e+00
 -1.916039e+00
 -1.916039e+00
 -1.916039e+00
 -1.916039e+00
 -1.916039e+00
 -1.916039e+00
 -1.916039e+00
 -1.916039e+00
 -1.916039e+00
 -1.916039e+00
 -1.916039e+00
 -1.916039e+00
 -1.916039e+00
 -1.916039e+00
 -1.916039e+00
 -1.916039e+00
 -1.916039e+00
 -1.916039e+00
 -1.916039e+00
 -1.916039e+00
 1.398881e-13
 1.412204e-13
 1.412204e-13
 1.398881e-13
 1.425526e-13
 1.412204e-13
 1.412204e-13
 3.117506e-13
 3.130829e-13
 3.130829e-13
 3.144152e-13
 3.144152e-13
 3.144152e-13
 3.144152e-13
 4.209966e-13
 4.183320e-13
 4.196643e-13
 4.169998e-13
 4.183320e-13
 4.156675e-13
 4.169998e-13
 7.140954e-13
 7.127632e-13
 7.147616e-13
 7.140954e-13
 7.154277e-13
 7.147616e-13
 7.140954e-13
 9.452439e-13
 9.465762e-13
 9.452439e-13
 9.459100e-13
 9.452439e-13
 9.452439e-13
 9.452439e-13
 1.141753e-12
 1.142419e-12
 1.141753e-12
 1.141753e-12
 1.141753e-12
 1.143086e-12
 1.142419e-12
 1.462830e-12
 1.464162e-12
 1.462830e-12
 1.463163e-12
 1.462497e-12
 1.462164e-12
 1.463163e-12
 1.662004e-12
 1.662670e-12
 1.662337e-12
 1.662004e-12
 1.661671e-12
 1.662004e-12
 1.662004e-12
 1.869505e-12
 1.869505e-12
 1.867506e-12
 1.867839e-12
 1.869005e-12
 1.868006e-12
 1.868006e-12
 1.869171e-12
 1.869171e-12
 1.868672e-12
 1.868672e-12
 1.869171e-12
 1.869171e-12
 1.868172e-12
 1.868838e-12
 1.869505e-12
 1.868505e-12
 1.868505e-12
 1.869171e-12
 1.868006e-12
 1.868006e-12
 2.088663e-12
 2.089495e-12
 2.090161e-12
 2.089828e-12
 2.089828e-12
 2.089329e-12
 2.089329e-12
 2.089828e-12
 2.089995e-12
 2.088663e-12
 2.089995e-12
 2.089662e-12
 2.089662e-12
 2.089162e-12
 2.090161e-12
 2.088829e-12
 2.088829e-12
 2.088829e-12
 2.089995e-12
 2.088829e-12
 2.089995e-12
 2.090161e-12
 2.090161e-12
 2.090161e-12
 2.089495e-12
 2.090161e-12
 2.090161e-12
 2.089495e-12
 2.089995e-12
 2.089995e-12
 2.090828e-12
 2.089329e-12
 2.090161e-12
 2.090161e-12
 2.090161e-12
 2.089828e-12
 2.089162e-12
 2.090328e-12
 2.088163e-12
 2.090328e-12
 2.090328e-12
 2.090328e-12
 2.089995e-12
 2.090161e-12
 2.089995e-12
 2.088829e-12
 2.089995e-12
 2.089995e-12
 2.089995e-12
 2.089662e-12
 2.090328e-12
 2.089662e-12
 2.090161e-12
 2.089995e-12
 2.089995e-12
 2.089995e-12
 2.089329e-12
 2.089162e-12
 2.088663e-12
 2.089828e-12
 2.089995e-12
 2.089995e-12
 2.089995e-12
 2.090494e-12
 2.090328e-12
 2.088496e-12
 2.090661e-12
 2.089495e-12
 2.089495e-12
 2.089495e-12
 2.090661e-12
 2.089995e-12
 2.089162e-12
 2.089495e-12
 2.089995e-12
 2.089995e-12
 2.089995e-12
 2.089662e-12
 2.089495e-12
 2.089495e-12
 2.089828e-12
 2.089828e-12
 2.089828e-12
 2.276013e-12
 2.276013e-12
 2.275263e-12
 2.275430e-12
 2.274597e-12
 2.274972e-12
 2.274972e-12
 2.449041e-12
 2.448833e-12
 2.448687e-12
 2.448146e-12
 2.448437e-12
 2.449395e-12
 2.449208e-12
 2.563616e-12
 2.563907e-12
 2.563907e-12
 2.563783e-12
 2.563866e-12
 2.563866e-12
 2.564365e-12
 2.776862e-12
 2.777945e-12
 2.777528e-12
 2.777278e-12
 2.777778e-12
 2.777611e-12
 2.778111e-12
 2.899181e-12
 2.898848e-12
 2.899181e-12
 2.898515e-12
 2.898515e-12
 2.898515e-12
 2.899014e-12
 3.068712e-12
 3.068379e-12
 3.067546e-12
 3.067879e-12
 3.067879e-12
 3.068545e-12
 3.068878e-12
 3.199108e-12
 3.197775e-12
 3.198775e-12
 3.197442e-12
 3.197775e-12
 3.197775e-12
 3.198108e-12
 3.269052e-12
 3.267386e-12
 3.268719e-12
 3.268386e-12
 3.267386e-12
 3.268386e-12
 3.267719e-12
 3.421596e-12
 3.422596e-12
 3.422596e-12
 3.420930e-12
 3.421929e-12
 3.422596e-12
 3.422596e-12
 3.500866e-12
 3.499867e-12
 3.500200e-12
 3.500200e-12
 3.499867e-12
 3.500200e-12
 3.500200e-12
 3.607448e-12
 3.607781e-12
 3.607781e-12
 3.606115e-12
 3.607115e-12
 3.606782e-12
 3.606782e-12
 3.668066e-12
 3.667733e-12
 3.667733e-12
 3.668066e-12
 3.667067e-12
 3.666734e-12
 3.666734e-12
 3.764988e-12
 3.766987e-12
 3.765988e-12
 3.765988e-12
 3.765654e-12
 3.765988e-12
 3.765988e-12
 3.840261e-12
 3.840261e-12
 3.840928e-12
 3.840595e-12
 3.839595e-12
 3.840261e-12
 3.840261e-12
 3.908207e-12
 3.908207e-12
 3.906875e-12
 3.909539e-12
 3.907541e-12
 3.906875e-12
 3.906875e-12
 3.971157e-12
 3.971823e-12
 3.971490e-12
 3.971490e-12
 3.971490e-12
 3.972156e-12
 3.971490e-12
 4.023781e-12
 4.023448e-12
 4.025447e-12
 4.024114e-12
 4.025447e-12
 4.025447e-12
 4.025447e-12
 4.080736e-12
 4.082068e-12
 4.081402e-12
 4.082068e-12
 4.081402e-12
 4.081402e-12
 4.082068e-12
 4.119372e-12
 4.120038e-12
 4.118705e-12
 4.119372e-12
 4.118705e-12
 4.119372e-12
 4.119372e-12
 4.119372e-12
 4.118039e-12
 4.118039e-12
 4.119372e-12
 4.118705e-12
 4.119372e-12
 4.118039e-12
 4.119372e-12
 4.119372e-12
 4.118705e-12
 4.156009e-12
 4.156009e-12
 4.156009e-12
 4.155343e-12
 4.155343e-12
 4.155343e-12
 4.155343e-12
 4.155343e-12
 4.156009e-12
 4.154677e-12
 4.155343e-12
 4.155343e-12
 4.155343e-12
 4.155343e-12
 4.155343e-12
 4.155343e-12
 4.155343e-12
 4.155343e-12
 4.155343e-12
 4.155343e-12
 4.156675e-12
 4.155343e-12
 4.155343e-12
 4.155343e-12
 4.155343e-12
 4.155343e-12
 4.155343e-12
 4.156675e-12
 4.156675e-12
 4.156009e-12
 4.156009e-12
 4.156009e-12
 4.157341e-12
 4.154677e-12
 4.155343e-12
 4.155343e-12
 4.154677e-12
 4.154677e-12
 4.154677e-12
 4.156675e-12
 4.155343e-12
 4.155343e-12
 4.156009e-12
 4.156009e-12
 4.156009e-12
 4.156009e-12
 4.155343e-12
 4.156675e-12
 4.155343e-12
 4.154677e-12
 4.156009e-12
 4.156009e-12
 4.156009e-12
 4.155343e-12
 4.155343e-12
 4.155343e-12
 4.156009e-12
 4.155343e-12
 4.155343e-12
 4.183986e-12
 4.184653e-12
 4.184653e-12
 4.185319e-12
 4.183986e-12
 4.184653e-12
 4.184653e-12
 4.184653e-12
 4.185319e-12
 4.183986e-12
 4.185319e-12
 4.183320e-12
 4.184653e-12
 4.184653e-12
 4.223288e-12
 4.224621e-12
 4.224621e-12
 4.223288e-12
 4.223288e-12
 4.223288e-12
 4.223288e-12
 4.244605e-12
 4.245937e-12
 4.244605e-12
 4.246603e-12
 4.243939e-12
 4.244605e-12
 4.244605e-12
 4.267253e-12
 4.268585e-12
 4.265921e-12
 4.267919e-12
 4.267253e-12
 4.267253e-12
 4.267253e-12
 4.289236e-12
 4.287903e-12
 4.288569e-12
 4.289902e-12
 4.288569e-12
 4.289236e-12
 4.288569e-12
 4.325207e-12
 4.326539e-12
 4.326539e-12
 4.325873e-12
 4.327205e-12
 4.326539e-12
 4.326539e-12
 4.303891e-12
 4.302558e-12
 4.303224e-12
 4.303224e-12
 4.303891e-12
 4.302558e-12
 4.302558e-12
 4.310219e-12
 4.310219e-12
 4.310219e-12
 4.311218e-12
 4.310552e-12
 4.311218e-12
 4.311218e-12
 4.305223e-12
 4.305556e-12
 4.305223e-12
 4.304557e-12
 4.304557e-12
 4.305889e-12
 4.305889e-12
 4.308554e-12
 4.308887e-12
 4.309220e-12
 4.308554e-12
 4.309220e-12
 4.308554e-12
 4.308554e-12
 4.305889e-12
 4.306555e-12
 4.305223e-12
 4.304890e-12
 4.306222e-12
 4.306555e-12
 4.306555e-12
 4.294898e-12
 4.294898e-12
 4.294898e-12
 4.295564e-12
 4.295897e-12
 4.295897e-12
 4.295897e-12
 6.534107e-12
 6.534440e-12
 6.534773e-12
 6.534440e-12
 6.534107e-12
 6.534773e-12
 6.534773e-12
 1.087563e-11
 1.087563e-11
 1.087563e-11
 1.087630e-11
 1.087497e-11
 1.087597e-11
 1.087597e-11
 1.506595e-11
 1.506595e-11
 1.506528e-11
 1.506528e-11
 1.506528e-11
 1.506595e-11
 1.506595e-11
 1.917100e-11
 1.917166e-11
 1.917067e-11
 1.917033e-11
 1.917033e-11
 1.917133e-11
 1.917133e-11
 2.313150e-11
 2.313083e-11
 2.313183e-11
 2.313083e-11
 2.313150e-11
 2.313183e-11
 2.313183e-11
 2.695177e-11
 2.695144e-11
 2.695177e-11
 2.695177e-11
 2.695144e-11
 2.695177e-11
 2.695177e-11
 3.065581e-11
 3.065581e-11
 3.065648e-11
 3.065648e-11
 3.065614e-11
 3.065581e-11
 3.065581e-11
 3.065581e-11
 3.065648e-11
 3.065648e-11
 3.065581e-11
 3.065581e-11
 3.065581e-11
 3.065581e-11
 3.065548e-11
 3.065581e-11
 3.065581e-11
 3.423795e-11
 3.423761e-11
 3.423928e-11
 3.423828e-11
 3.423795e-11
 3.423895e-11
 3.423895e-11
 3.423895e-11
 3.423828e-11
 3.423795e-11
 3.423861e-11
 3.423761e-11
 3.423728e-11
 3.423728e-11
 3.423761e-11
 3.423761e-11
 3.423761e-11
 3.423761e-11
 3.423828e-11
 3.423795e-11
 3.423828e-11
 3.423728e-11
 3.423861e-11
 3.423861e-11
 3.423861e-11
 3.423828e-11
 3.423795e-11
 3.423795e-11
 3.423828e-11
 3.423795e-11
 3.423795e-11
 3.423795e-11
 3.423828e-11
 3.423861e-11
 3.423795e-11
 3.423761e-11
 3.423795e-11
 3.423795e-11
 3.423795e-11
 3.423828e-11
 3.423795e-11
 3.423861e-11
 3.423828e-11
 3.423761e-11
 3.423761e-11
 3.423761e-11
 3.423795e-11
 3.423828e-11
 3.423761e-11
 3.423895e-11
 3.423795e-11
 3.423795e-11
 3.769385e-11
 3.769385e-11
 3.769351e-11
 3.769318e-11
 3.769285e-11
 3.769351e-11
 3.769351e-11
 4.102885e-11
 4.102851e-11
 4.102785e-11
 4.102851e-11
 4.102851e-11
 4.102818e-11
 4.102818e-11
 4.426126e-11
 4.426026e-11
 4.426093e-11
 4.426060e-11
 4.426026e-11
 4.425993e-11
 4.425993e-11
 4.736644e-11
 4.736678e-11
 4.736678e-11
 4.736711e-11
 4.736644e-11
 4.736644e-11
 4.736644e-11
 5.036871e-11
 5.036871e-11
 5.036838e-11
 5.036838e-11
 5.036871e-11
 5.036871e-11
 5.036871e-11
 5.326573e-11
 5.326539e-11
 5.326539e-11
 5.326573e-11
 5.326573e-11
 5.326539e-11
 5.326539e-11
 5.605916e-11
 5.605982e-11
 5.605982e-11
 5.605982e-11
 5.605949e-11
 5.605949e-11
 5.605949e-11
 5.874734e-11
 5.874667e-11
 5.874734e-11
 5.874767e-11
 5.874734e-11
 5.874701e-11
 5.874701e-11
 6.133694e-11
 6.133694e-11
 6.133627e-11
 6.133660e-11
 6.133660e-11
 6.133694e-11
 6.133694e-11
 6.383061e-11
 6.383127e-11
 6.383061e-11
 6.383061e-11
 6.383094e-11
 6.383094e-11
 6.383094e-11
 6.622902e-11
 6.622902e-11
 6.622902e-11
 6.622869e-11
 6.622936e-11
 6.622902e-11
 6.622902e-11
 6.854151e-11
 6.854117e-11
 6.854151e-11
 6.854117e-11
 6.854151e-11
 6.854084e-11
 6.854084e-11
 7.076706e-11
 7.076673e-11
 7.076706e-11
 7.076639e-11
 7.076739e-11
 7.076706e-11
 7.076706e-11
 7.291734e-11
 7.291734e-11
 7.291701e-11
 7.291734e-11
 7.291667e-11
 7.291767e-11
 7.291767e-11
 7.496503e-11
 7.496537e-11
 7.496537e-11
 7.496503e-11
 7.496537e-11
 7.496537e-11
 7.496537e-11
 7.695045e-11
 7.695011e-11
 7.695011e-11
 7.695011e-11
 7.695011e-11
 7.695111e-11
 7.695111e-11
 7.885725e-11
 7.885792e-11
 7.885725e-11
 7.885792e-11
 7.885759e-11
 7.885759e-11
 7.885759e-11
 8.069345e-11
 8.069445e-11
 8.069412e-11
 8.069412e-11
 8.069412e-11
 8.069412e-11
 8.069412e-11
 8.246570e-11
 8.246570e-11
 8.246637e-11
 8.246637e-11
 8.246637e-11
 8.246570e-11
 8.246570e-11
 8.246603e-11
 8.246603e-11
 8.246603e-11
 8.246603e-11
 8.246570e-11
 8.246603e-11
 8.246570e-11
 8.246603e-11
 8.246570e-11
 8.246570e-11
 8.416834e-11
 8.416734e-11
 8.416767e-11
 8.416801e-11
 8.416801e-11
 8.416834e-11
 8.416834e-11
 8.416834e-11
 8.416801e-11
 8.416834e-11
 8.416801e-11
 8.416834e-11
 8.416801e-11
 8.416801e-11
 8.416767e-11
 8.416834e-11
 8.416767e-11
 8.416834e-11
 8.416801e-11
 8.416801e-11
 8.416834e-11
 8.416867e-11
 8.416834e-11
 8.416834e-11
 8.416834e-11
 8.416834e-11
 8.416867e-11
 8.416867e-11
 8.416834e-11
 8.416801e-11
 8.416801e-11
 8.416801e-11
 8.416767e-11
 8.416834e-11
 8.416801e-11
 8.416834e-11
 8.416834e-11
 8.416834e-11
 8.416834e-11
 8.416801e-11
 8.416767e-11
 8.416834e-11
 8.416734e-11
 8.416801e-11
 8.416801e-11
 8.581003e-11
 8.581036e-11
 8.581036e-11
 8.581036e-11
 8.581036e-11
 8.581036e-11
 8.581036e-11
 8.739642e-11
 8.739642e-11
 8.739609e-11
 8.739576e-11
 8.739676e-11
 8.739576e-11
 8.739576e-11
 8.892453e-11
 8.892420e-11
 8.892487e-11
 8.892453e-11
 8.892453e-11
 8.892487e-11
 8.892487e-11
 9.040235e-11
 9.040235e-11
 9.040235e-11
 9.040302e-11
 9.040269e-11
 9.040269e-11
 9.040269e-11
 9.182455e-11
 9.182455e-11
 9.182388e-11
 9.182455e-11
 9.182455e-11
 9.182421e-11
 9.182421e-11
 9.321344e-11
 9.321344e-11
 9.321344e-11
 9.321410e-11
 9.321377e-11
 9.321410e-11
 9.321410e-11
 9.455137e-11
 9.455103e-11
 9.455203e-11
 9.455203e-11
 9.455170e-11
 9.455170e-11
 9.455170e-11
 9.585399e-11
 9.585432e-11
 9.585432e-11
 9.585366e-11
 9.585399e-11
 9.585366e-11
 9.585366e-11
 9.711798e-11
 9.711798e-11
 9.711798e-11
 9.711831e-11
 9.711865e-11
 9.711865e-11
 9.711865e-11
 9.834866e-11
 9.834900e-11
 9.834866e-11
 9.834866e-11
 9.834800e-11
 9.834900e-11
 9.834900e-11
 9.955070e-11
 9.955103e-11
 9.955103e-11
 9.955103e-11
 9.955170e-11
 9.955070e-11
 9.955070e-11
 1.007248e-10
 1.007248e-10
 1.007251e-10
 1.007251e-10
 1.007244e-10
 1.007248e-10
 1.007248e-10
 1.018785e-10
 1.018788e-10
 1.018788e-10
 1.018785e-10
 1.018798e-10
 1.018782e-10
 1.018782e-10
 1.030099e-10
 1.030093e-10
 1.030096e-10
 1.030093e-10
 1.030096e-10
 1.030089e-10
 1.030089e-10
 1.041234e-10
 1.041230e-10
 1.041237e-10
 1.041230e-10
 1.041230e-10
 1.041234e-10
 1.041234e-10
 1.052225e-10
 1.052218e-10
 1.052218e-10
 1.052215e-10
 1.052215e-10
 1.052218e-10
 1.052218e-10
 1.063106e-10
 1.063100e-10
 1.063100e-10
 1.063106e-10
 1.063106e-10
 1.063100e-10
 1.063100e-10
 1.073901e-10
 1.073894e-10
 1.073898e-10
 1.073894e-10
 1.073891e-10
 1.073898e-10
 1.073898e-10
 1.084649e-10
 1.084649e-10
 1.084656e-10
 1.084656e-10
 1.084659e-10
 1.084652e-10
 1.084652e-10
 1.084652e-10
 1.084649e-10
 1.084649e-10
 1.084652e-10
 1.084649e-10
 1.084642e-10
 1.084652e-10
 1.084649e-10
 1.084652e-10
 1.084652e-10
 1.095377e-10
 1.095377e-10
 1.095374e-10
 1.095387e-10
 1.095377e-10
 1.095377e-10
 1.095377e-10
 1.095377e-10
 1.095380e-10
 1.095377e-10
 1.095380e-10
 1.095387e-10
 1.095377e-10
 1.095377e-10
 1.095377e-10
 1.095380e-10
 1.095380e-10
 1.095380e-10
 1.095377e-10
 1.095387e-10
 1.095374e-10
 1.095377e-10
 1.095377e-10
 1.095370e-10
 1.095370e-10
 1.095384e-10
 1.095384e-10
 1.095377e-10
 1.095384e-10
 1.095380e-10
 1.095377e-10
 1.095377e-10
 1.095384e-10
 1.095374e-10
