 0
 0
 0
 -7.196762e+03
 1.391154e+04
 -6.714777e+03
 -7.196762e+03
 1.391154e+04
 -6.714777e+03
 -7.196762e+03
 1.391154e+04
 -6.714777e+03
 -7.196762e+03
 1.391154e+04
 -6.714777e+03
 -7.196762e+03
 1.391154e+04
 -6.714777e+03
 -7.196762e+03
 1.391154e+04
 -6.714777e+03
 -7.196762e+03
 1.391154e+04
 -6.714777e+03
 -7.196762e+03
 1.391154e+04
 -6.714777e+03
 -7.196762e+03
 1.391154e+04
 -6.714777e+03
 -7.196762e+03
 1.391154e+04
 -6.714777e+03
 -7.196762e+03
 1.391154e+04
 -6.714777e+03
 -7.196762e+03
 1.391154e+04
 -6.714777e+03
 -7.196762e+03
 1.391154e+04
 -6.714777e+03
 -7.196762e+03
 1.391154e+04
 -6.714777e+03
 -7.196762e+03
 1.391154e+04
 -6.714777e+03
 -7.196762e+03
 1.391154e+04
 -6.714777e+03
 -7.196762e+03
 1.391154e+04
 -6.714777e+03
 -7.196762e+03
 1.391154e+04
 -6.714777e+03
 -7.196762e+03
 1.391154e+04
 -6.714777e+03
 -7.196762e+03
 1.391154e+04
 -6.714777e+03
 -7.196762e+03
 1.391154e+04
 -6.714777e+03
 -7.196762e+03
 1.391154e+04
 -6.714777e+03
 -7.196762e+03
 1.391154e+04
 -6.714777e+03
 -7.196762e+03
 1.391154e+04
 -6.714777e+03
 -7.196762e+03
 1.391154e+04
 -6.714777e+03
 -7.196762e+03
 1.391154e+04
 -6.714777e+03
 -7.196762e+03
 1.391154e+04
 -6.714777e+03
 -7.196762e+03
 1.391154e+04
 -6.714777e+03
 -7.196762e+03
 1.391154e+04
 -6.714777e+03
 -7.196762e+03
 1.391154e+04
 -6.714777e+03
 -7.196762e+03
 1.391154e+04
 -6.714777e+03
 -7.196762e+03
 1.391154e+04
 -6.714777e+03
 -7.196762e+03
 1.391154e+04
 -6.714777e+03
 -7.196762e+03
 1.391154e+04
 -6.714777e+03
 -7.196762e+03
 1.391154e+04
 -6.714777e+03
 -7.196762e+03
 1.391154e+04
 -6.714777e+03
 -7.196762e+03
 1.391154e+04
 -6.714777e+03
 -7.196762e+03
 1.391154e+04
 -6.714777e+03
 -7.196762e+03
 1.391154e+04
 -6.714777e+03
 -7.196762e+03
 1.391154e+04
 -6.714777e+03
 -7.196762e+03
 1.391154e+04
 -6.714777e+03
 -7.196762e+03
 1.391154e+04
 -6.714777e+03
 -7.196762e+03
 1.391154e+04
 -6.714777e+03
 -7.196762e+03
 1.391154e+04
 -6.714777e+03
 -7.196762e+03
 1.391154e+04
 -6.714777e+03
 -7.196762e+03
 1.391154e+04
 -6.714777e+03
 -7.196762e+03
 1.391154e+04
 -6.714777e+03
 -7.196762e+03
 1.391154e+04
 -6.714777e+03
 -7.196762e+03
 1.391154e+04
 -6.714777e+03
 -7.196762e+03
 1.391154e+04
 -6.714777e+03
 -7.196762e+03
 1.391154e+04
 -6.714777e+03
 -7.196762e+03
 1.391154e+04
 -6.714777e+03
 -7.196762e+03
 1.391154e+04
 -6.714777e+03
 -7.196762e+03
 1.391154e+04
 -6.714777e+03
 -7.196762e+03
 1.391154e+04
 -6.714777e+03
 -7.196762e+03
 1.391154e+04
 -6.714777e+03
 -7.196762e+03
 1.391154e+04
 -6.714777e+03
 -7.196762e+03
 1.391154e+04
 -6.714777e+03
 -7.196762e+03
 1.391154e+04
 -6.714777e+03
 -7.196762e+03
 1.391154e+04
 -6.714777e+03
 -7.196762e+03
 1.391154e+04
 -6.714777e+03
 -7.196762e+03
 1.391154e+04
 -6.714777e+03
 -7.196762e+03
 1.391154e+04
 -6.714777e+03
 -7.196762e+03
 1.391154e+04
 -6.714777e+03
 -7.196762e+03
 1.391154e+04
 -6.714777e+03
 -7.196762e+03
 1.391154e+04
 -6.714777e+03
 -7.196762e+03
 1.391154e+04
 -6.714777e+03
 -7.196762e+03
 1.391154e+04
 -6.714777e+03
 -7.196762e+03
 1.391154e+04
 -6.714777e+03
 -7.196762e+03
 1.391154e+04
 -6.714777e+03
 -7.196762e+03
 1.391154e+04
 -6.714777e+03
 -7.196762e+03
 1.391154e+04
 -6.714777e+03
 -7.196762e+03
 1.391154e+04
 -6.714777e+03
 -7.196762e+03
 1.391154e+04
 -6.714777e+03
 -7.196762e+03
 1.391154e+04
 -6.714777e+03
 -7.196762e+03
 1.391154e+04
 -6.714777e+03
 -7.196762e+03
 1.391154e+04
 -6.714777e+03
 -7.196762e+03
 1.391154e+04
 -6.714777e+03
 -7.196762e+03
 1.391154e+04
 -6.714777e+03
 -7.196762e+03
 1.391154e+04
 -6.714777e+03
 -7.196762e+03
 1.391154e+04
 -6.714777e+03
 -7.196762e+03
 1.391154e+04
 -6.714777e+03
 -7.196762e+03
 1.391154e+04
 -6.714777e+03
 -7.196762e+03
 1.391154e+04
 -6.714777e+03
 -7.196762e+03
 1.391154e+04
 -6.714777e+03
 -7.196762e+03
 1.391154e+04
 -6.714777e+03
 -7.196762e+03
 1.391154e+04
 -6.714777e+03
 -7.196762e+03
 1.391154e+04
 -6.714777e+03
 -7.196762e+03
 1.391154e+04
 -6.714777e+03
 -7.196762e+03
 1.391154e+04
 -6.714777e+03
 -7.196762e+03
 1.391154e+04
 -6.714777e+03
 -7.196762e+03
 1.391154e+04
 -6.714777e+03
 -7.196762e+03
 1.391154e+04
 -6.714777e+03
 -7.196762e+03
 1.391154e+04
 -6.714777e+03
 -7.196762e+03
 1.391154e+04
 -6.714777e+03
 -7.196762e+03
 1.391154e+04
 -6.714777e+03
 -7.196762e+03
 1.391154e+04
 -6.714777e+03
 -7.196762e+03
 1.391154e+04
 -6.714777e+03
 -7.196762e+03
 1.391154e+04
 -6.714777e+03
 -7.196762e+03
 1.391154e+04
 -6.714777e+03
 -7.196762e+03
 1.391154e+04
 -6.714777e+03
 2.123771e+02
 -4.106036e+02
 1.982265e+02
 2.123771e+02
 -4.106036e+02
 1.982265e+02
 2.123771e+02
 -4.106036e+02
 1.982265e+02
 2.123771e+02
 -4.106036e+02
 1.982265e+02
 2.123771e+02
 -4.106036e+02
 1.982265e+02
 2.123771e+02
 -4.106036e+02
 1.982265e+02
 2.123771e+02
 -4.106036e+02
 1.982265e+02
 2.067847e+02
 -3.997917e+02
 1.930070e+02
 2.067847e+02
 -3.997917e+02
 1.930070e+02
 2.067847e+02
 -3.997917e+02
 1.930070e+02
 2.067847e+02
 -3.997917e+02
 1.930070e+02
 2.067847e+02
 -3.997917e+02
 1.930070e+02
 2.067847e+02
 -3.997917e+02
 1.930070e+02
 2.067847e+02
 -3.997917e+02
 1.930070e+02
 2.013396e+02
 -3.892647e+02
 1.879251e+02
 2.013396e+02
 -3.892647e+02
 1.879251e+02
 2.013396e+02
 -3.892647e+02
 1.879251e+02
 2.013396e+02
 -3.892647e+02
 1.879251e+02
 2.013396e+02
 -3.892647e+02
 1.879251e+02
 2.013396e+02
 -3.892647e+02
 1.879251e+02
 2.013396e+02
 -3.892647e+02
 1.879251e+02
 1.960379e+02
 -3.790151e+02
 1.829772e+02
 1.960379e+02
 -3.790151e+02
 1.829772e+02
 1.960379e+02
 -3.790151e+02
 1.829772e+02
 1.960379e+02
 -3.790151e+02
 1.829772e+02
 1.960379e+02
 -3.790151e+02
 1.829772e+02
 1.960379e+02
 -3.790151e+02
 1.829772e+02
 1.960379e+02
 -3.790151e+02
 1.829772e+02
 1.908758e+02
 -3.690357e+02
 1.781599e+02
 1.908758e+02
 -3.690357e+02
 1.781599e+02
 1.908758e+02
 -3.690357e+02
 1.781599e+02
 1.908758e+02
 -3.690357e+02
 1.781599e+02
 1.908758e+02
 -3.690357e+02
 1.781599e+02
 1.908758e+02
 -3.690357e+02
 1.781599e+02
 1.908758e+02
 -3.690357e+02
 1.781599e+02
 1.858496e+02
 -3.593194e+02
 1.734698e+02
 1.858496e+02
 -3.593194e+02
 1.734698e+02
 1.858496e+02
 -3.593194e+02
 1.734698e+02
 1.858496e+02
 -3.593194e+02
 1.734698e+02
 1.858496e+02
 -3.593194e+02
 1.734698e+02
 1.858496e+02
 -3.593194e+02
 1.734698e+02
 1.858496e+02
 -3.593194e+02
 1.734698e+02
 1.809558e+02
 -3.498592e+02
 1.689034e+02
 1.809558e+02
 -3.498592e+02
 1.689034e+02
 1.809558e+02
 -3.498592e+02
 1.689034e+02
 1.809558e+02
 -3.498592e+02
 1.689034e+02
 1.809558e+02
 -3.498592e+02
 1.689034e+02
 1.809558e+02
 -3.498592e+02
 1.689034e+02
 1.809558e+02
 -3.498592e+02
 1.689034e+02
 1.761908e+02
 -3.406485e+02
 1.644576e+02
 1.761908e+02
 -3.406485e+02
 1.644576e+02
 1.761908e+02
 -3.406485e+02
 1.644576e+02
 1.761908e+02
 -3.406485e+02
 1.644576e+02
 1.761908e+02
 -3.406485e+02
 1.644576e+02
 1.761908e+02
 -3.406485e+02
 1.644576e+02
 1.761908e+02
 -3.406485e+02
 1.644576e+02
 1.715514e+02
 -3.316805e+02
 1.601292e+02
 1.715514e+02
 -3.316805e+02
 1.601292e+02
 1.715514e+02
 -3.316805e+02
 1.601292e+02
 1.715514e+02
 -3.316805e+02
 1.601292e+02
 1.715514e+02
 -3.316805e+02
 1.601292e+02
 1.715514e+02
 -3.316805e+02
 1.601292e+02
 1.715514e+02
 -3.316805e+02
 1.601292e+02
 1.715514e+02
 -3.316805e+02
 1.601292e+02
 1.715514e+02
 -3.316805e+02
 1.601292e+02
 1.715514e+02
 -3.316805e+02
 1.601292e+02
 1.715514e+02
 -3.316805e+02
 1.601292e+02
 1.715514e+02
 -3.316805e+02
 1.601292e+02
 1.715514e+02
 -3.316805e+02
 1.601292e+02
 1.715514e+02
 -3.316805e+02
 1.601292e+02
 1.715514e+02
 -3.316805e+02
 1.601292e+02
 1.715514e+02
 -3.316805e+02
 1.601292e+02
 1.715514e+02
 -3.316805e+02
 1.601292e+02
 1.715514e+02
 -3.316805e+02
 1.601292e+02
 1.715514e+02
 -3.316805e+02
 1.601292e+02
 1.715514e+02
 -3.316805e+02
 1.601292e+02
 1.715514e+02
 -3.316805e+02
 1.601292e+02
 1.670340e+02
 -3.229491e+02
 1.559150e+02
 1.670340e+02
 -3.229491e+02
 1.559150e+02
 1.670340e+02
 -3.229491e+02
 1.559150e+02
 1.670340e+02
 -3.229491e+02
 1.559150e+02
 1.670340e+02
 -3.229491e+02
 1.559150e+02
 1.670340e+02
 -3.229491e+02
 1.559150e+02
 1.670340e+02
 -3.229491e+02
 1.559150e+02
 1.670340e+02
 -3.229491e+02
 1.559150e+02
 1.670340e+02
 -3.229491e+02
 1.559150e+02
 1.670340e+02
 -3.229491e+02
 1.559150e+02
 1.670340e+02
 -3.229491e+02
 1.559150e+02
 1.670340e+02
 -3.229491e+02
 1.559150e+02
 1.670340e+02
 -3.229491e+02
 1.559150e+02
 1.670340e+02
 -3.229491e+02
 1.559150e+02
 1.670340e+02
 -3.229491e+02
 1.559150e+02
 1.670340e+02
 -3.229491e+02
 1.559150e+02
 1.670340e+02
 -3.229491e+02
 1.559150e+02
 1.670340e+02
 -3.229491e+02
 1.559150e+02
 1.670340e+02
 -3.229491e+02
 1.559150e+02
 1.670340e+02
 -3.229491e+02
 1.559150e+02
 1.670340e+02
 -3.229491e+02
 1.559150e+02
 1.670340e+02
 -3.229491e+02
 1.559150e+02
 1.670340e+02
 -3.229491e+02
 1.559150e+02
 1.670340e+02
 -3.229491e+02
 1.559150e+02
 1.670340e+02
 -3.229491e+02
 1.559150e+02
 1.670340e+02
 -3.229491e+02
 1.559150e+02
 1.670340e+02
 -3.229491e+02
 1.559150e+02
 1.670340e+02
 -3.229491e+02
 1.559150e+02
 1.670340e+02
 -3.229491e+02
 1.559150e+02
 1.670340e+02
 -3.229491e+02
 1.559150e+02
 1.670340e+02
 -3.229491e+02
 1.559150e+02
 1.670340e+02
 -3.229491e+02
 1.559150e+02
 1.670340e+02
 -3.229491e+02
 1.559150e+02
 1.670340e+02
 -3.229491e+02
 1.559150e+02
 1.670340e+02
 -3.229491e+02
 1.559150e+02
 1.670340e+02
 -3.229491e+02
 1.559150e+02
 1.670340e+02
 -3.229491e+02
 1.559150e+02
 1.670340e+02
 -3.229491e+02
 1.559150e+02
 1.670340e+02
 -3.229491e+02
 1.559150e+02
 1.670340e+02
 -3.229491e+02
 1.559150e+02
 1.670340e+02
 -3.229491e+02
 1.559150e+02
 1.670340e+02
 -3.229491e+02
 1.559150e+02
 1.670340e+02
 -3.229491e+02
 1.559150e+02
 1.670340e+02
 -3.229491e+02
 1.559150e+02
 1.670340e+02
 -3.229491e+02
 1.559150e+02
 1.670340e+02
 -3.229491e+02
 1.559150e+02
 1.670340e+02
 -3.229491e+02
 1.559150e+02
 1.670340e+02
 -3.229491e+02
 1.559150e+02
 1.670340e+02
 -3.229491e+02
 1.559150e+02
 1.670340e+02
 -3.229491e+02
 1.559150e+02
 1.670340e+02
 -3.229491e+02
 1.559150e+02
 1.670340e+02
 -3.229491e+02
 1.559150e+02
 1.670340e+02
 -3.229491e+02
 1.559150e+02
 1.670340e+02
 -3.229491e+02
 1.559150e+02
 1.670340e+02
 -3.229491e+02
 1.559150e+02
 1.670340e+02
 -3.229491e+02
 1.559150e+02
 1.670340e+02
 -3.229491e+02
 1.559150e+02
 1.670340e+02
 -3.229491e+02
 1.559150e+02
 1.670340e+02
 -3.229491e+02
 1.559150e+02
 1.670340e+02
 -3.229491e+02
 1.559150e+02
 1.670340e+02
 -3.229491e+02
 1.559150e+02
 1.670340e+02
 -3.229491e+02
 1.559150e+02
 1.670340e+02
 -3.229491e+02
 1.559150e+02
 1.670340e+02
 -3.229491e+02
 1.559150e+02
 1.670340e+02
 -3.229491e+02
 1.559150e+02
 1.670340e+02
 -3.229491e+02
 1.559150e+02
 1.670340e+02
 -3.229491e+02
 1.559150e+02
 1.670340e+02
 -3.229491e+02
 1.559150e+02
 1.670340e+02
 -3.229491e+02
 1.559150e+02
 1.670340e+02
 -3.229491e+02
 1.559150e+02
 1.670340e+02
 -3.229491e+02
 1.559150e+02
 1.670340e+02
 -3.229491e+02
 1.559150e+02
 1.670340e+02
 -3.229491e+02
 1.559150e+02
 1.670340e+02
 -3.229491e+02
 1.559150e+02
 1.670340e+02
 -3.229491e+02
 1.559150e+02
 1.670340e+02
 -3.229491e+02
 1.559150e+02
 1.670340e+02
 -3.229491e+02
 1.559150e+02
 1.670340e+02
 -3.229491e+02
 1.559150e+02
 1.670340e+02
 -3.229491e+02
 1.559150e+02
 1.670340e+02
 -3.229491e+02
 1.559150e+02
 1.670340e+02
 -3.229491e+02
 1.559150e+02
 1.670340e+02
 -3.229491e+02
 1.559150e+02
 1.670340e+02
 -3.229491e+02
 1.559150e+02
 1.626357e+02
 -3.144478e+02
 1.518122e+02
 1.626357e+02
 -3.144478e+02
 1.518122e+02
 1.626357e+02
 -3.144478e+02
 1.518122e+02
 1.626357e+02
 -3.144478e+02
 1.518122e+02
 1.626357e+02
 -3.144478e+02
 1.518122e+02
 1.626357e+02
 -3.144478e+02
 1.518122e+02
 1.626357e+02
 -3.144478e+02
 1.518122e+02
 1.583531e+02
 -3.061708e+02
 1.478177e+02
 1.583531e+02
 -3.061708e+02
 1.478177e+02
 1.583531e+02
 -3.061708e+02
 1.478177e+02
 1.583531e+02
 -3.061708e+02
 1.478177e+02
 1.583531e+02
 -3.061708e+02
 1.478177e+02
 1.583531e+02
 -3.061708e+02
 1.478177e+02
 1.583531e+02
 -3.061708e+02
 1.478177e+02
 1.541833e+02
 -2.981120e+02
 1.439287e+02
 1.541833e+02
 -2.981120e+02
 1.439287e+02
 1.541833e+02
 -2.981120e+02
 1.439287e+02
 1.541833e+02
 -2.981120e+02
 1.439287e+02
 1.541833e+02
 -2.981120e+02
 1.439287e+02
 1.541833e+02
 -2.981120e+02
 1.439287e+02
 1.541833e+02
 -2.981120e+02
 1.439287e+02
 1.501233e+02
 -2.902657e+02
 1.401424e+02
 1.501233e+02
 -2.902657e+02
 1.401424e+02
 1.501233e+02
 -2.902657e+02
 1.401424e+02
 1.501233e+02
 -2.902657e+02
 1.401424e+02
 1.501233e+02
 -2.902657e+02
 1.401424e+02
 1.501233e+02
 -2.902657e+02
 1.401424e+02
 1.501233e+02
 -2.902657e+02
 1.401424e+02
 1.461703e+02
 -2.826264e+02
 1.364561e+02
 1.461703e+02
 -2.826264e+02
 1.364561e+02
 1.461703e+02
 -2.826264e+02
 1.364561e+02
 1.461703e+02
 -2.826264e+02
 1.364561e+02
 1.461703e+02
 -2.826264e+02
 1.364561e+02
 1.461703e+02
 -2.826264e+02
 1.364561e+02
 1.461703e+02
 -2.826264e+02
 1.364561e+02
 1.423213e+02
 -2.751885e+02
 1.328672e+02
 1.423213e+02
 -2.751885e+02
 1.328672e+02
 1.423213e+02
 -2.751885e+02
 1.328672e+02
 1.423213e+02
 -2.751885e+02
 1.328672e+02
 1.423213e+02
 -2.751885e+02
 1.328672e+02
 1.423213e+02
 -2.751885e+02
 1.328672e+02
 1.423213e+02
 -2.751885e+02
 1.328672e+02
 1.385737e+02
 -2.679468e+02
 1.293731e+02
 1.385737e+02
 -2.679468e+02
 1.293731e+02
 1.385737e+02
 -2.679468e+02
 1.293731e+02
 1.385737e+02
 -2.679468e+02
 1.293731e+02
 1.385737e+02
 -2.679468e+02
 1.293731e+02
 1.385737e+02
 -2.679468e+02
 1.293731e+02
 1.385737e+02
 -2.679468e+02
 1.293731e+02
 1.349247e+02
 -2.608961e+02
 1.259713e+02
 1.349247e+02
 -2.608961e+02
 1.259713e+02
 1.349247e+02
 -2.608961e+02
 1.259713e+02
 1.349247e+02
 -2.608961e+02
 1.259713e+02
 1.349247e+02
 -2.608961e+02
 1.259713e+02
 1.349247e+02
 -2.608961e+02
 1.259713e+02
 1.349247e+02
 -2.608961e+02
 1.259713e+02
 1.313718e+02
 -2.540313e+02
 1.226595e+02
 1.313718e+02
 -2.540313e+02
 1.226595e+02
 1.313718e+02
 -2.540313e+02
 1.226595e+02
 1.313718e+02
 -2.540313e+02
 1.226595e+02
 1.313718e+02
 -2.540313e+02
 1.226595e+02
 1.313718e+02
 -2.540313e+02
 1.226595e+02
 1.313718e+02
 -2.540313e+02
 1.226595e+02
 1.279125e+02
 -2.473477e+02
 1.194351e+02
 1.279125e+02
 -2.473477e+02
 1.194351e+02
 1.279125e+02
 -2.473477e+02
 1.194351e+02
 1.279125e+02
 -2.473477e+02
 1.194351e+02
 1.279125e+02
 -2.473477e+02
 1.194351e+02
 1.279125e+02
 -2.473477e+02
 1.194351e+02
 1.279125e+02
 -2.473477e+02
 1.194351e+02
 1.245443e+02
 -2.408403e+02
 1.162960e+02
 1.245443e+02
 -2.408403e+02
 1.162960e+02
 1.245443e+02
 -2.408403e+02
 1.162960e+02
 1.245443e+02
 -2.408403e+02
 1.162960e+02
 1.245443e+02
 -2.408403e+02
 1.162960e+02
 1.245443e+02
 -2.408403e+02
 1.162960e+02
 1.245443e+02
 -2.408403e+02
 1.162960e+02
 1.212648e+02
 -2.345046e+02
 1.132398e+02
 1.212648e+02
 -2.345046e+02
 1.132398e+02
 1.212648e+02
 -2.345046e+02
 1.132398e+02
 1.212648e+02
 -2.345046e+02
 1.132398e+02
 1.212648e+02
 -2.345046e+02
 1.132398e+02
 1.212648e+02
 -2.345046e+02
 1.132398e+02
 1.212648e+02
 -2.345046e+02
 1.132398e+02
 1.180716e+02
 -2.283361e+02
 1.102645e+02
 1.180716e+02
 -2.283361e+02
 1.102645e+02
 1.180716e+02
 -2.283361e+02
 1.102645e+02
 1.180716e+02
 -2.283361e+02
 1.102645e+02
 1.180716e+02
 -2.283361e+02
 1.102645e+02
 1.180716e+02
 -2.283361e+02
 1.102645e+02
 1.180716e+02
 -2.283361e+02
 1.102645e+02
 1.149625e+02
 -2.223303e+02
 1.073678e+02
 1.149625e+02
 -2.223303e+02
 1.073678e+02
 1.149625e+02
 -2.223303e+02
 1.073678e+02
 1.149625e+02
 -2.223303e+02
 1.073678e+02
 1.149625e+02
 -2.223303e+02
 1.073678e+02
 1.149625e+02
 -2.223303e+02
 1.073678e+02
 1.149625e+02
 -2.223303e+02
 1.073678e+02
 1.119353e+02
 -2.164830e+02
 1.045477e+02
 1.119353e+02
 -2.164830e+02
 1.045477e+02
 1.119353e+02
 -2.164830e+02
 1.045477e+02
 1.119353e+02
 -2.164830e+02
 1.045477e+02
 1.119353e+02
 -2.164830e+02
 1.045477e+02
 1.119353e+02
 -2.164830e+02
 1.045477e+02
 1.119353e+02
 -2.164830e+02
 1.045477e+02
 1.089878e+02
 -2.107899e+02
 1.018021e+02
 1.089878e+02
 -2.107899e+02
 1.018021e+02
 1.089878e+02
 -2.107899e+02
 1.018021e+02
 1.089878e+02
 -2.107899e+02
 1.018021e+02
 1.089878e+02
 -2.107899e+02
 1.018021e+02
 1.089878e+02
 -2.107899e+02
 1.018021e+02
 1.089878e+02
 -2.107899e+02
 1.018021e+02
 1.061179e+02
 -2.052471e+02
 9.912917e+01
 1.061179e+02
 -2.052471e+02
 9.912917e+01
 1.061179e+02
 -2.052471e+02
 9.912917e+01
 1.061179e+02
 -2.052471e+02
 9.912917e+01
 1.061179e+02
 -2.052471e+02
 9.912917e+01
 1.061179e+02
 -2.052471e+02
 9.912917e+01
 1.061179e+02
 -2.052471e+02
 9.912917e+01
 1.033236e+02
 -1.998506e+02
 9.652693e+01
 1.033236e+02
 -1.998506e+02
 9.652693e+01
 1.033236e+02
 -1.998506e+02
 9.652693e+01
 1.033236e+02
 -1.998506e+02
 9.652693e+01
 1.033236e+02
 -1.998506e+02
 9.652693e+01
 1.033236e+02
 -1.998506e+02
 9.652693e+01
 1.033236e+02
 -1.998506e+02
 9.652693e+01
 1.006029e+02
 -1.945964e+02
 9.399353e+01
 1.006029e+02
 -1.945964e+02
 9.399353e+01
 1.006029e+02
 -1.945964e+02
 9.399353e+01
 1.006029e+02
 -1.945964e+02
 9.399353e+01
 1.006029e+02
 -1.945964e+02
 9.399353e+01
 1.006029e+02
 -1.945964e+02
 9.399353e+01
 1.006029e+02
 -1.945964e+02
 9.399353e+01
 1.006029e+02
 -1.945964e+02
 9.399353e+01
 1.006029e+02
 -1.945964e+02
 9.399353e+01
 1.006029e+02
 -1.945964e+02
 9.399353e+01
 1.006029e+02
 -1.945964e+02
 9.399353e+01
 1.006029e+02
 -1.945964e+02
 9.399353e+01
 1.006029e+02
 -1.945964e+02
 9.399353e+01
 1.006029e+02
 -1.945964e+02
 9.399353e+01
 1.006029e+02
 -1.945964e+02
 9.399353e+01
 1.006029e+02
 -1.945964e+02
 9.399353e+01
 1.006029e+02
 -1.945964e+02
 9.399353e+01
 9.795380e+01
 -1.894809e+02
 9.152715e+01
 9.795380e+01
 -1.894809e+02
 9.152715e+01
 9.795380e+01
 -1.894809e+02
 9.152715e+01
 9.795380e+01
 -1.894809e+02
 9.152715e+01
 9.795380e+01
 -1.894809e+02
 9.152715e+01
 9.795380e+01
 -1.894809e+02
 9.152715e+01
 9.795380e+01
 -1.894809e+02
 9.152715e+01
 9.795380e+01
 -1.894809e+02
 9.152715e+01
 9.795380e+01
 -1.894809e+02
 9.152715e+01
 9.795380e+01
 -1.894809e+02
 9.152715e+01
 9.795380e+01
 -1.894809e+02
 9.152715e+01
 9.795380e+01
 -1.894809e+02
 9.152715e+01
 9.795380e+01
 -1.894809e+02
 9.152715e+01
 9.795380e+01
 -1.894809e+02
 9.152715e+01
 9.795380e+01
 -1.894809e+02
 9.152715e+01
 9.795380e+01
 -1.894809e+02
 9.152715e+01
 9.795380e+01
 -1.894809e+02
 9.152715e+01
 9.795380e+01
 -1.894809e+02
 9.152715e+01
 9.795380e+01
 -1.894809e+02
 9.152715e+01
 9.795380e+01
 -1.894809e+02
 9.152715e+01
 9.795380e+01
 -1.894809e+02
 9.152715e+01
 9.795380e+01
 -1.894809e+02
 9.152715e+01
 9.795380e+01
 -1.894809e+02
 9.152715e+01
 9.795380e+01
 -1.894809e+02
 9.152715e+01
 9.795380e+01
 -1.894809e+02
 9.152715e+01
 9.795380e+01
 -1.894809e+02
 9.152715e+01
 9.795380e+01
 -1.894809e+02
 9.152715e+01
 9.795380e+01
 -1.894809e+02
 9.152715e+01
 9.795380e+01
 -1.894809e+02
 9.152715e+01
 9.795380e+01
 -1.894809e+02
 9.152715e+01
 9.795380e+01
 -1.894809e+02
 9.152715e+01
 9.795380e+01
 -1.894809e+02
 9.152715e+01
 9.795380e+01
 -1.894809e+02
 9.152715e+01
 9.795380e+01
 -1.894809e+02
 9.152715e+01
 9.795380e+01
 -1.894809e+02
 9.152715e+01
 9.795380e+01
 -1.894809e+02
 9.152715e+01
 9.795380e+01
 -1.894809e+02
 9.152715e+01
 9.795380e+01
 -1.894809e+02
 9.152715e+01
 9.795380e+01
 -1.894809e+02
 9.152715e+01
 9.795380e+01
 -1.894809e+02
 9.152715e+01
 9.795380e+01
 -1.894809e+02
 9.152715e+01
 9.795380e+01
 -1.894809e+02
 9.152715e+01
 9.795380e+01
 -1.894809e+02
 9.152715e+01
 9.795380e+01
 -1.894809e+02
 9.152715e+01
 9.795380e+01
 -1.894809e+02
 9.152715e+01
 9.795380e+01
 -1.894809e+02
 9.152715e+01
 9.795380e+01
 -1.894809e+02
 9.152715e+01
 9.795380e+01
 -1.894809e+02
 9.152715e+01
 9.795380e+01
 -1.894809e+02
 9.152715e+01
 9.795380e+01
 -1.894809e+02
 9.152715e+01
 9.795380e+01
 -1.894809e+02
 9.152715e+01
 9.795380e+01
 -1.894809e+02
 9.152715e+01
 9.795380e+01
 -1.894809e+02
 9.152715e+01
 9.795380e+01
 -1.894809e+02
 9.152715e+01
 9.795380e+01
 -1.894809e+02
 9.152715e+01
 9.795380e+01
 -1.894809e+02
 9.152715e+01
 9.795380e+01
 -1.894809e+02
 9.152715e+01
 9.795380e+01
 -1.894809e+02
 9.152715e+01
 9.795380e+01
 -1.894809e+02
 9.152715e+01
 9.537446e+01
 -1.845005e+02
 8.912602e+01
 9.537446e+01
 -1.845005e+02
 8.912602e+01
 9.537446e+01
 -1.845005e+02
 8.912602e+01
 9.537446e+01
 -1.845005e+02
 8.912602e+01
 9.537446e+01
 -1.845005e+02
 8.912602e+01
 9.537446e+01
 -1.845005e+02
 8.912602e+01
 9.537446e+01
 -1.845005e+02
 8.912602e+01
 9.537446e+01
 -1.845005e+02
 8.912602e+01
 9.537446e+01
 -1.845005e+02
 8.912602e+01
 9.537446e+01
 -1.845005e+02
 8.912602e+01
 9.537446e+01
 -1.845005e+02
 8.912602e+01
 9.537446e+01
 -1.845005e+02
 8.912602e+01
 9.537446e+01
 -1.845005e+02
 8.912602e+01
 9.537446e+01
 -1.845005e+02
 8.912602e+01
 9.286304e+01
 -1.796515e+02
 8.678844e+01
 9.286304e+01
 -1.796515e+02
 8.678844e+01
 9.286304e+01
 -1.796515e+02
 8.678844e+01
 9.286304e+01
 -1.796515e+02
 8.678844e+01
 9.286304e+01
 -1.796515e+02
 8.678844e+01
 9.286304e+01
 -1.796515e+02
 8.678844e+01
 9.286304e+01
 -1.796515e+02
 8.678844e+01
 9.041776e+01
 -1.749305e+02
 8.451272e+01
 9.041776e+01
 -1.749305e+02
 8.451272e+01
 9.041776e+01
 -1.749305e+02
 8.451272e+01
 9.041776e+01
 -1.749305e+02
 8.451272e+01
 9.041776e+01
 -1.749305e+02
 8.451272e+01
 9.041776e+01
 -1.749305e+02
 8.451272e+01
 9.041776e+01
 -1.749305e+02
 8.451272e+01
 8.803686e+01
 -1.703341e+02
 8.229723e+01
 8.803686e+01
 -1.703341e+02
 8.229723e+01
 8.803686e+01
 -1.703341e+02
 8.229723e+01
 8.803686e+01
 -1.703341e+02
 8.229723e+01
 8.803686e+01
 -1.703341e+02
 8.229723e+01
 8.803686e+01
 -1.703341e+02
 8.229723e+01
 8.803686e+01
 -1.703341e+02
 8.229723e+01
 8.571866e+01
 -1.658591e+02
 8.014040e+01
 8.571866e+01
 -1.658591e+02
 8.014040e+01
 8.571866e+01
 -1.658591e+02
 8.014040e+01
 8.571866e+01
 -1.658591e+02
 8.014040e+01
 8.571866e+01
 -1.658591e+02
 8.014040e+01
 8.571866e+01
 -1.658591e+02
 8.014040e+01
 8.571866e+01
 -1.658591e+02
 8.014040e+01
 8.346150e+01
 -1.615022e+02
 7.804068e+01
 8.346150e+01
 -1.615022e+02
 7.804068e+01
 8.346150e+01
 -1.615022e+02
 7.804068e+01
 8.346150e+01
 -1.615022e+02
 7.804068e+01
 8.346150e+01
 -1.615022e+02
 7.804068e+01
 8.346150e+01
 -1.615022e+02
 7.804068e+01
 8.346150e+01
 -1.615022e+02
 7.804068e+01
 8.126377e+01
 -1.572603e+02
 7.599655e+01
 8.126377e+01
 -1.572603e+02
 7.599655e+01
 8.126377e+01
 -1.572603e+02
 7.599655e+01
 8.126377e+01
 -1.572603e+02
 7.599655e+01
 8.126377e+01
 -1.572603e+02
 7.599655e+01
 8.126377e+01
 -1.572603e+02
 7.599655e+01
 8.126377e+01
 -1.572603e+02
 7.599655e+01
 7.912392e+01
 -1.531305e+02
 7.400657e+01
 7.912392e+01
 -1.531305e+02
 7.400657e+01
 7.912392e+01
 -1.531305e+02
 7.400657e+01
 7.912392e+01
 -1.531305e+02
 7.400657e+01
 7.912392e+01
 -1.531305e+02
 7.400657e+01
 7.912392e+01
 -1.531305e+02
 7.400657e+01
 7.912392e+01
 -1.531305e+02
 7.400657e+01
 7.704042e+01
 -1.491097e+02
 7.206929e+01
 7.704042e+01
 -1.491097e+02
 7.206929e+01
 7.704042e+01
 -1.491097e+02
 7.206929e+01
 7.704042e+01
 -1.491097e+02
 7.206929e+01
 7.704042e+01
 -1.491097e+02
 7.206929e+01
 7.704042e+01
 -1.491097e+02
 7.206929e+01
 7.704042e+01
 -1.491097e+02
 7.206929e+01
 7.501177e+01
 -1.451951e+02
 7.018334e+01
 7.501177e+01
 -1.451951e+02
 7.018334e+01
 7.501177e+01
 -1.451951e+02
 7.018334e+01
 7.501177e+01
 -1.451951e+02
 7.018334e+01
 7.501177e+01
 -1.451951e+02
 7.018334e+01
 7.501177e+01
 -1.451951e+02
 7.018334e+01
 7.501177e+01
 -1.451951e+02
 7.018334e+01
 7.303655e+01
 -1.413839e+02
 6.834737e+01
 7.303655e+01
 -1.413839e+02
 6.834737e+01
 7.303655e+01
 -1.413839e+02
 6.834737e+01
 7.303655e+01
 -1.413839e+02
 6.834737e+01
 7.303655e+01
 -1.413839e+02
 6.834737e+01
 7.303655e+01
 -1.413839e+02
 6.834737e+01
 7.303655e+01
 -1.413839e+02
 6.834737e+01
 7.111334e+01
 -1.376734e+02
 6.656005e+01
 7.111334e+01
 -1.376734e+02
 6.656005e+01
 7.111334e+01
 -1.376734e+02
 6.656005e+01
 7.111334e+01
 -1.376734e+02
 6.656005e+01
 7.111334e+01
 -1.376734e+02
 6.656005e+01
 7.111334e+01
 -1.376734e+02
 6.656005e+01
 7.111334e+01
 -1.376734e+02
 6.656005e+01
 6.924077e+01
 -1.340642e+02
 6.482347e+01
 6.924077e+01
 -1.340642e+02
 6.482347e+01
 6.924077e+01
 -1.340642e+02
 6.482347e+01
 6.924077e+01
 -1.340642e+02
 6.482347e+01
 6.924077e+01
 -1.340642e+02
 6.482347e+01
 6.924077e+01
 -1.340642e+02
 6.482347e+01
 6.924077e+01
 -1.340642e+02
 6.482347e+01
 6.741751e+01
 -1.305606e+02
 6.314310e+01
 6.741751e+01
 -1.305606e+02
 6.314310e+01
 6.741751e+01
 -1.305606e+02
 6.314310e+01
 6.741751e+01
 -1.305606e+02
 6.314310e+01
 6.741751e+01
 -1.305606e+02
 6.314310e+01
 6.741751e+01
 -1.305606e+02
 6.314310e+01
 6.741751e+01
 -1.305606e+02
 6.314310e+01
 6.564226e+01
 -1.271633e+02
 6.152107e+01
 6.564226e+01
 -1.271633e+02
 6.152107e+01
 6.564226e+01
 -1.271633e+02
 6.152107e+01
 6.564226e+01
 -1.271633e+02
 6.152107e+01
 6.564226e+01
 -1.271633e+02
 6.152107e+01
 6.564226e+01
 -1.271633e+02
 6.152107e+01
 6.564226e+01
 -1.271633e+02
 6.152107e+01
 6.391375e+01
 -1.238699e+02
 5.995616e+01
 6.391375e+01
 -1.238699e+02
 5.995616e+01
 6.391375e+01
 -1.238699e+02
 5.995616e+01
 6.391375e+01
 -1.238699e+02
 5.995616e+01
 6.391375e+01
 -1.238699e+02
 5.995616e+01
 6.391375e+01
 -1.238699e+02
 5.995616e+01
 6.391375e+01
 -1.238699e+02
 5.995616e+01
 6.223076e+01
 -1.206779e+02
 5.844717e+01
 6.223076e+01
 -1.206779e+02
 5.844717e+01
 6.223076e+01
 -1.206779e+02
 5.844717e+01
 6.223076e+01
 -1.206779e+02
 5.844717e+01
 6.223076e+01
 -1.206779e+02
 5.844717e+01
 6.223076e+01
 -1.206779e+02
 5.844717e+01
 6.223076e+01
 -1.206779e+02
 5.844717e+01
 6.059209e+01
 -1.175850e+02
 5.699295e+01
 6.059209e+01
 -1.175850e+02
 5.699295e+01
 6.059209e+01
 -1.175850e+02
 5.699295e+01
 6.059209e+01
 -1.175850e+02
 5.699295e+01
 6.059209e+01
 -1.175850e+02
 5.699295e+01
 6.059209e+01
 -1.175850e+02
 5.699295e+01
 6.059209e+01
 -1.175850e+02
 5.699295e+01
 5.899657e+01
 -1.145889e+02
 5.559236e+01
 5.899657e+01
 -1.145889e+02
 5.559236e+01
 5.899657e+01
 -1.145889e+02
 5.559236e+01
 5.899657e+01
 -1.145889e+02
 5.559236e+01
 5.899657e+01
 -1.145889e+02
 5.559236e+01
 5.899657e+01
 -1.145889e+02
 5.559236e+01
 5.899657e+01
 -1.145889e+02
 5.559236e+01
 5.899657e+01
 -1.145889e+02
 5.559236e+01
 5.899657e+01
 -1.145889e+02
 5.559236e+01
 5.899657e+01
 -1.145889e+02
 5.559236e+01
 5.899657e+01
 -1.145889e+02
 5.559236e+01
 5.899657e+01
 -1.145889e+02
 5.559236e+01
 5.899657e+01
 -1.145889e+02
 5.559236e+01
 5.899657e+01
 -1.145889e+02
 5.559236e+01
 5.899657e+01
 -1.145889e+02
 5.559236e+01
 5.899657e+01
 -1.145889e+02
 5.559236e+01
 5.899657e+01
 -1.145889e+02
 5.559236e+01
 5.744306e+01
 -1.116874e+02
 5.424430e+01
 5.744306e+01
 -1.116874e+02
 5.424430e+01
 5.744306e+01
 -1.116874e+02
 5.424430e+01
 5.744306e+01
 -1.116874e+02
 5.424430e+01
 5.744306e+01
 -1.116874e+02
 5.424430e+01
 5.744306e+01
 -1.116874e+02
 5.424430e+01
 5.744306e+01
 -1.116874e+02
 5.424430e+01
 5.744306e+01
 -1.116874e+02
 5.424430e+01
 5.744306e+01
 -1.116874e+02
 5.424430e+01
 5.744306e+01
 -1.116874e+02
 5.424430e+01
 5.744306e+01
 -1.116874e+02
 5.424430e+01
 5.744306e+01
 -1.116874e+02
 5.424430e+01
 5.744306e+01
 -1.116874e+02
 5.424430e+01
 5.744306e+01
 -1.116874e+02
 5.424430e+01
 5.744306e+01
 -1.116874e+02
 5.424430e+01
 5.744306e+01
 -1.116874e+02
 5.424430e+01
 5.744306e+01
 -1.116874e+02
 5.424430e+01
 5.744306e+01
 -1.116874e+02
 5.424430e+01
 5.744306e+01
 -1.116874e+02
 5.424430e+01
 5.744306e+01
 -1.116874e+02
 5.424430e+01
 5.744306e+01
 -1.116874e+02
 5.424430e+01
 5.744306e+01
 -1.116874e+02
 5.424430e+01
 5.744306e+01
 -1.116874e+02
 5.424430e+01
 5.744306e+01
 -1.116874e+02
 5.424430e+01
 5.744306e+01
 -1.116874e+02
 5.424430e+01
 5.744306e+01
 -1.116874e+02
 5.424430e+01
 5.744306e+01
 -1.116874e+02
 5.424430e+01
 5.744306e+01
 -1.116874e+02
 5.424430e+01
 5.744306e+01
 -1.116874e+02
 5.424430e+01
 5.744306e+01
 -1.116874e+02
 5.424430e+01
 5.744306e+01
 -1.116874e+02
 5.424430e+01
 5.744306e+01
 -1.116874e+02
 5.424430e+01
 5.744306e+01
 -1.116874e+02
 5.424430e+01
 5.744306e+01
 -1.116874e+02
 5.424430e+01
 5.744306e+01
 -1.116874e+02
 5.424430e+01
 5.744306e+01
 -1.116874e+02
 5.424430e+01
 5.744306e+01
 -1.116874e+02
 5.424430e+01
 5.744306e+01
 -1.116874e+02
 5.424430e+01
 5.744306e+01
 -1.116874e+02
 5.424430e+01
 5.744306e+01
 -1.116874e+02
 5.424430e+01
 5.744306e+01
 -1.116874e+02
 5.424430e+01
 5.744306e+01
 -1.116874e+02
 5.424430e+01
 5.744306e+01
 -1.116874e+02
 5.424430e+01
 5.744306e+01
 -1.116874e+02
 5.424430e+01
 5.744306e+01
 -1.116874e+02
 5.424430e+01
 5.744306e+01
 -1.116874e+02
 5.424430e+01
 5.744306e+01
 -1.116874e+02
 5.424430e+01
 5.744306e+01
 -1.116874e+02
 5.424430e+01
 5.744306e+01
 -1.116874e+02
 5.424430e+01
 5.744306e+01
 -1.116874e+02
 5.424430e+01
 5.744306e+01
 -1.116874e+02
 5.424430e+01
 5.744306e+01
 -1.116874e+02
 5.424430e+01
 5.593046e+01
 -1.088782e+02
 5.294770e+01
 5.593046e+01
 -1.088782e+02
 5.294770e+01
 5.593046e+01
 -1.088782e+02
 5.294770e+01
 5.593046e+01
 -1.088782e+02
 5.294770e+01
 5.593046e+01
 -1.088782e+02
 5.294770e+01
 5.593046e+01
 -1.088782e+02
 5.294770e+01
 5.593046e+01
 -1.088782e+02
 5.294770e+01
 5.445769e+01
 -1.061592e+02
 5.170152e+01
 5.445769e+01
 -1.061592e+02
 5.170152e+01
 5.445769e+01
 -1.061592e+02
 5.170152e+01
 5.445769e+01
 -1.061592e+02
 5.170152e+01
 5.445769e+01
 -1.061592e+02
 5.170152e+01
 5.445769e+01
 -1.061592e+02
 5.170152e+01
 5.445769e+01
 -1.061592e+02
 5.170152e+01
 5.302370e+01
 -1.035284e+02
 5.050472e+01
 5.302370e+01
 -1.035284e+02
 5.050472e+01
 5.302370e+01
 -1.035284e+02
 5.050472e+01
 5.302370e+01
 -1.035284e+02
 5.050472e+01
 5.302370e+01
 -1.035284e+02
 5.050472e+01
 5.302370e+01
 -1.035284e+02
 5.050472e+01
 5.302370e+01
 -1.035284e+02
 5.050472e+01
 5.162747e+01
 -1.009838e+02
 4.935632e+01
 5.162747e+01
 -1.009838e+02
 4.935632e+01
 5.162747e+01
 -1.009838e+02
 4.935632e+01
 5.162747e+01
 -1.009838e+02
 4.935632e+01
 5.162747e+01
 -1.009838e+02
 4.935632e+01
 5.162747e+01
 -1.009838e+02
 4.935632e+01
 5.162747e+01
 -1.009838e+02
 4.935632e+01
 5.026801e+01
 -9.852336e+01
 4.825535e+01
 5.026801e+01
 -9.852336e+01
 4.825535e+01
 5.026801e+01
 -9.852336e+01
 4.825535e+01
 5.026801e+01
 -9.852336e+01
 4.825535e+01
 5.026801e+01
 -9.852336e+01
 4.825535e+01
 5.026801e+01
 -9.852336e+01
 4.825535e+01
 5.026801e+01
 -9.852336e+01
 4.825535e+01
 4.894434e+01
 -9.614521e+01
 4.720087e+01
 4.894434e+01
 -9.614521e+01
 4.720087e+01
 4.894434e+01
 -9.614521e+01
 4.720087e+01
 4.894434e+01
 -9.614521e+01
 4.720087e+01
 4.894434e+01
 -9.614521e+01
 4.720087e+01
 4.894434e+01
 -9.614521e+01
 4.720087e+01
 4.894434e+01
 -9.614521e+01
 4.720087e+01
 4.765553e+01
 -9.384749e+01
 4.619196e+01
 4.765553e+01
 -9.384749e+01
 4.619196e+01
 4.765553e+01
 -9.384749e+01
 4.619196e+01
 4.765553e+01
 -9.384749e+01
 4.619196e+01
 4.765553e+01
 -9.384749e+01
 4.619196e+01
 4.765553e+01
 -9.384749e+01
 4.619196e+01
 4.765553e+01
 -9.384749e+01
 4.619196e+01
 4.640065e+01
 -9.162836e+01
 4.522771e+01
 4.640065e+01
 -9.162836e+01
 4.522771e+01
 4.640065e+01
 -9.162836e+01
 4.522771e+01
 4.640065e+01
 -9.162836e+01
 4.522771e+01
 4.640065e+01
 -9.162836e+01
 4.522771e+01
 4.640065e+01
 -9.162836e+01
 4.522771e+01
 4.640065e+01
 -9.162836e+01
 4.522771e+01
 4.517882e+01
 -8.948608e+01
 4.430726e+01
 4.517882e+01
 -8.948608e+01
 4.430726e+01
 4.517882e+01
 -8.948608e+01
 4.430726e+01
 4.517882e+01
 -8.948608e+01
 4.430726e+01
 4.517882e+01
 -8.948608e+01
 4.430726e+01
 4.517882e+01
 -8.948608e+01
 4.430726e+01
 4.517882e+01
 -8.948608e+01
 4.430726e+01
 4.398917e+01
 -8.741891e+01
 4.342975e+01
 4.398917e+01
 -8.741891e+01
 4.342975e+01
 4.398917e+01
 -8.741891e+01
 4.342975e+01
 4.398917e+01
 -8.741891e+01
 4.342975e+01
 4.398917e+01
 -8.741891e+01
 4.342975e+01
 4.398917e+01
 -8.741891e+01
 4.342975e+01
 4.398917e+01
 -8.741891e+01
 4.342975e+01
 4.283084e+01
 -8.542518e+01
 4.259435e+01
 4.283084e+01
 -8.542518e+01
 4.259435e+01
 4.283084e+01
 -8.542518e+01
 4.259435e+01
 4.283084e+01
 -8.542518e+01
 4.259435e+01
 4.283084e+01
 -8.542518e+01
 4.259435e+01
 4.283084e+01
 -8.542518e+01
 4.259435e+01
 4.283084e+01
 -8.542518e+01
 4.259435e+01
 4.170301e+01
 -8.350326e+01
 4.180025e+01
 4.170301e+01
 -8.350326e+01
 4.180025e+01
 4.170301e+01
 -8.350326e+01
 4.180025e+01
 4.170301e+01
 -8.350326e+01
 4.180025e+01
 4.170301e+01
 -8.350326e+01
 4.180025e+01
 4.170301e+01
 -8.350326e+01
 4.180025e+01
 4.170301e+01
 -8.350326e+01
 4.180025e+01
 4.060488e+01
 -8.165155e+01
 4.104667e+01
 4.060488e+01
 -8.165155e+01
 4.104667e+01
 4.060488e+01
 -8.165155e+01
 4.104667e+01
 4.060488e+01
 -8.165155e+01
 4.104667e+01
 4.060488e+01
 -8.165155e+01
 4.104667e+01
 4.060488e+01
 -8.165155e+01
 4.104667e+01
 4.060488e+01
 -8.165155e+01
 4.104667e+01
 3.953566e+01
 -7.986849e+01
 4.033283e+01
 3.953566e+01
 -7.986849e+01
 4.033283e+01
 3.953566e+01
 -7.986849e+01
 4.033283e+01
 3.953566e+01
 -7.986849e+01
 4.033283e+01
 3.953566e+01
 -7.986849e+01
 4.033283e+01
 3.953566e+01
 -7.986849e+01
 4.033283e+01
 3.953566e+01
 -7.986849e+01
 4.033283e+01
 3.849460e+01
 -7.815258e+01
 3.965798e+01
 3.849460e+01
 -7.815258e+01
 3.965798e+01
 3.849460e+01
 -7.815258e+01
 3.965798e+01
 3.849460e+01
 -7.815258e+01
 3.965798e+01
 3.849460e+01
 -7.815258e+01
 3.965798e+01
 3.849460e+01
 -7.815258e+01
 3.965798e+01
 3.849460e+01
 -7.815258e+01
 3.965798e+01
 3.748095e+01
 -7.650234e+01
 3.902139e+01
 3.748095e+01
 -7.650234e+01
 3.902139e+01
 3.748095e+01
 -7.650234e+01
 3.902139e+01
 3.748095e+01
 -7.650234e+01
 3.902139e+01
 3.748095e+01
 -7.650234e+01
 3.902139e+01
 3.748095e+01
 -7.650234e+01
 3.902139e+01
 3.748095e+01
 -7.650234e+01
 3.902139e+01
 3.649400e+01
 -7.491634e+01
 3.842234e+01
 3.649400e+01
 -7.491634e+01
 3.842234e+01
 3.649400e+01
 -7.491634e+01
 3.842234e+01
 3.649400e+01
 -7.491634e+01
 3.842234e+01
 3.649400e+01
 -7.491634e+01
 3.842234e+01
 3.649400e+01
 -7.491634e+01
 3.842234e+01
 3.649400e+01
 -7.491634e+01
 3.842234e+01
 3.553303e+01
 -7.339318e+01
 3.786015e+01
 3.553303e+01
 -7.339318e+01
 3.786015e+01
 3.553303e+01
 -7.339318e+01
 3.786015e+01
 3.553303e+01
 -7.339318e+01
 3.786015e+01
 3.553303e+01
 -7.339318e+01
 3.786015e+01
 3.553303e+01
 -7.339318e+01
 3.786015e+01
 3.553303e+01
 -7.339318e+01
 3.786015e+01
 3.459737e+01
 -7.193149e+01
 3.733412e+01
 3.459737e+01
 -7.193149e+01
 3.733412e+01
 3.459737e+01
 -7.193149e+01
 3.733412e+01
 3.459737e+01
 -7.193149e+01
 3.733412e+01
 3.459737e+01
 -7.193149e+01
 3.733412e+01
 3.459737e+01
 -7.193149e+01
 3.733412e+01
 3.459737e+01
 -7.193149e+01
 3.733412e+01
 3.459737e+01
 -7.193149e+01
 3.733412e+01
 3.459737e+01
 -7.193149e+01
 3.733412e+01
 3.459737e+01
 -7.193149e+01
 3.733412e+01
 3.459737e+01
 -7.193149e+01
 3.733412e+01
 3.459737e+01
 -7.193149e+01
 3.733412e+01
 3.459737e+01
 -7.193149e+01
 3.733412e+01
 3.459737e+01
 -7.193149e+01
 3.733412e+01
 3.459737e+01
 -7.193149e+01
 3.733412e+01
 3.459737e+01
 -7.193149e+01
 3.733412e+01
 3.459737e+01
 -7.193149e+01
 3.733412e+01
 3.368635e+01
 -7.052995e+01
 3.684360e+01
 3.368635e+01
 -7.052995e+01
 3.684360e+01
 3.368635e+01
 -7.052995e+01
 3.684360e+01
 3.368635e+01
 -7.052995e+01
 3.684360e+01
 3.368635e+01
 -7.052995e+01
 3.684360e+01
 3.368635e+01
 -7.052995e+01
 3.684360e+01
 3.368635e+01
 -7.052995e+01
 3.684360e+01
 3.368635e+01
 -7.052995e+01
 3.684360e+01
 3.368635e+01
 -7.052995e+01
 3.684360e+01
 3.368635e+01
 -7.052995e+01
 3.684360e+01
 3.368635e+01
 -7.052995e+01
 3.684360e+01
 3.368635e+01
 -7.052995e+01
 3.684360e+01
 3.368635e+01
 -7.052995e+01
 3.684360e+01
 3.368635e+01
 -7.052995e+01
 3.684360e+01
 3.368635e+01
 -7.052995e+01
 3.684360e+01
 3.368635e+01
 -7.052995e+01
 3.684360e+01
 3.368635e+01
 -7.052995e+01
 3.684360e+01
 3.368635e+01
 -7.052995e+01
 3.684360e+01
 3.368635e+01
 -7.052995e+01
 3.684360e+01
 3.368635e+01
 -7.052995e+01
 3.684360e+01
 3.368635e+01
 -7.052995e+01
 3.684360e+01
 3.368635e+01
 -7.052995e+01
 3.684360e+01
 3.368635e+01
 -7.052995e+01
 3.684360e+01
 3.368635e+01
 -7.052995e+01
 3.684360e+01
 3.368635e+01
 -7.052995e+01
 3.684360e+01
 3.368635e+01
 -7.052995e+01
 3.684360e+01
 3.368635e+01
 -7.052995e+01
 3.684360e+01
 3.368635e+01
 -7.052995e+01
 3.684360e+01
 3.368635e+01
 -7.052995e+01
 3.684360e+01
 3.368635e+01
 -7.052995e+01
 3.684360e+01
 3.368635e+01
 -7.052995e+01
 3.684360e+01
 3.368635e+01
 -7.052995e+01
 3.684360e+01
 3.368635e+01
 -7.052995e+01
 3.684360e+01
 3.368635e+01
 -7.052995e+01
 3.684360e+01
 3.368635e+01
 -7.052995e+01
 3.684360e+01
 3.368635e+01
 -7.052995e+01
 3.684360e+01
 3.368635e+01
 -7.052995e+01
 3.684360e+01
 3.368635e+01
 -7.052995e+01
 3.684360e+01
 3.368635e+01
 -7.052995e+01
 3.684360e+01
 3.368635e+01
 -7.052995e+01
 3.684360e+01
 3.368635e+01
 -7.052995e+01
 3.684360e+01
 3.368635e+01
 -7.052995e+01
 3.684360e+01
 3.368635e+01
 -7.052995e+01
 3.684360e+01
 3.368635e+01
 -7.052995e+01
 3.684360e+01
 3.368635e+01
 -7.052995e+01
 3.684360e+01
 3.279931e+01
 -6.918726e+01
 3.638795e+01
 3.279931e+01
 -6.918726e+01
 3.638795e+01
 3.279931e+01
 -6.918726e+01
 3.638795e+01
 3.279931e+01
 -6.918726e+01
 3.638795e+01
 3.279931e+01
 -6.918726e+01
 3.638795e+01
 3.279931e+01
 -6.918726e+01
 3.638795e+01
 3.279931e+01
 -6.918726e+01
 3.638795e+01
 3.193563e+01
 -6.790215e+01
 3.596652e+01
 3.193563e+01
 -6.790215e+01
 3.596652e+01
 3.193563e+01
 -6.790215e+01
 3.596652e+01
 3.193563e+01
 -6.790215e+01
 3.596652e+01
 3.193563e+01
 -6.790215e+01
 3.596652e+01
 3.193563e+01
 -6.790215e+01
 3.596652e+01
 3.193563e+01
 -6.790215e+01
 3.596652e+01
 3.109470e+01
 -6.667341e+01
 3.557871e+01
 3.109470e+01
 -6.667341e+01
 3.557871e+01
 3.109470e+01
 -6.667341e+01
 3.557871e+01
 3.109470e+01
 -6.667341e+01
 3.557871e+01
 3.109470e+01
 -6.667341e+01
 3.557871e+01
 3.109470e+01
 -6.667341e+01
 3.557871e+01
 3.109470e+01
 -6.667341e+01
 3.557871e+01
 3.027591e+01
 -6.549982e+01
 3.522391e+01
 3.027591e+01
 -6.549982e+01
 3.522391e+01
 3.027591e+01
 -6.549982e+01
 3.522391e+01
 3.027591e+01
 -6.549982e+01
 3.522391e+01
 3.027591e+01
 -6.549982e+01
 3.522391e+01
 3.027591e+01
 -6.549982e+01
 3.522391e+01
 3.027591e+01
 -6.549982e+01
 3.522391e+01
 2.947868e+01
 -6.438022e+01
 3.490155e+01
 2.947868e+01
 -6.438022e+01
 3.490155e+01
 2.947868e+01
 -6.438022e+01
 3.490155e+01
 2.947868e+01
 -6.438022e+01
 3.490155e+01
 2.947868e+01
 -6.438022e+01
 3.490155e+01
 2.947868e+01
 -6.438022e+01
 3.490155e+01
 2.947868e+01
 -6.438022e+01
 3.490155e+01
 2.870244e+01
 -6.331348e+01
 3.461104e+01
 2.870244e+01
 -6.331348e+01
 3.461104e+01
 2.870244e+01
 -6.331348e+01
 3.461104e+01
 2.870244e+01
 -6.331348e+01
 3.461104e+01
 2.870244e+01
 -6.331348e+01
 3.461104e+01
 2.870244e+01
 -6.331348e+01
 3.461104e+01
 2.870244e+01
 -6.331348e+01
 3.461104e+01
 2.794664e+01
 -6.229847e+01
 3.435183e+01
 2.794664e+01
 -6.229847e+01
 3.435183e+01
 2.794664e+01
 -6.229847e+01
 3.435183e+01
 2.794664e+01
 -6.229847e+01
 3.435183e+01
 2.794664e+01
 -6.229847e+01
 3.435183e+01
 2.794664e+01
 -6.229847e+01
 3.435183e+01
 2.794664e+01
 -6.229847e+01
 3.435183e+01
 2.721074e+01
 -6.133413e+01
 3.412338e+01
 2.721074e+01
 -6.133413e+01
 3.412338e+01
 2.721074e+01
 -6.133413e+01
 3.412338e+01
 2.721074e+01
 -6.133413e+01
 3.412338e+01
 2.721074e+01
 -6.133413e+01
 3.412338e+01
 2.721074e+01
 -6.133413e+01
 3.412338e+01
 2.721074e+01
 -6.133413e+01
 3.412338e+01
 2.649423e+01
 -6.041938e+01
 3.392516e+01
 2.649423e+01
 -6.041938e+01
 3.392516e+01
 2.649423e+01
 -6.041938e+01
 3.392516e+01
 2.649423e+01
 -6.041938e+01
 3.392516e+01
 2.649423e+01
 -6.041938e+01
 3.392516e+01
 2.649423e+01
 -6.041938e+01
 3.392516e+01
 2.649423e+01
 -6.041938e+01
 3.392516e+01
 2.579658e+01
 -5.955321e+01
 3.375664e+01
 2.579658e+01
 -5.955321e+01
 3.375664e+01
 2.579658e+01
 -5.955321e+01
 3.375664e+01
 2.579658e+01
 -5.955321e+01
 3.375664e+01
 2.579658e+01
 -5.955321e+01
 3.375664e+01
 2.579658e+01
 -5.955321e+01
 3.375664e+01
 2.579658e+01
 -5.955321e+01
 3.375664e+01
 2.511730e+01
 -5.873461e+01
 3.361732e+01
 2.511730e+01
 -5.873461e+01
 3.361732e+01
 2.511730e+01
 -5.873461e+01
 3.361732e+01
 2.511730e+01
 -5.873461e+01
 3.361732e+01
 2.511730e+01
 -5.873461e+01
 3.361732e+01
 2.511730e+01
 -5.873461e+01
 3.361732e+01
 2.511730e+01
 -5.873461e+01
 3.361732e+01
 2.445590e+01
 -5.796261e+01
 3.350671e+01
 2.445590e+01
 -5.796261e+01
 3.350671e+01
 2.445590e+01
 -5.796261e+01
 3.350671e+01
 2.445590e+01
 -5.796261e+01
 3.350671e+01
 2.445590e+01
 -5.796261e+01
 3.350671e+01
 2.445590e+01
 -5.796261e+01
 3.350671e+01
 2.445590e+01
 -5.796261e+01
 3.350671e+01
 2.381192e+01
 -5.723624e+01
 3.342432e+01
 2.381192e+01
 -5.723624e+01
 3.342432e+01
 2.381192e+01
 -5.723624e+01
 3.342432e+01
 2.381192e+01
 -5.723624e+01
 3.342432e+01
 2.381192e+01
 -5.723624e+01
 3.342432e+01
 2.381192e+01
 -5.723624e+01
 3.342432e+01
 2.381192e+01
 -5.723624e+01
 3.342432e+01
 2.318490e+01
 -5.655459e+01
 3.336968e+01
 2.318490e+01
 -5.655459e+01
 3.336968e+01
 2.318490e+01
 -5.655459e+01
 3.336968e+01
 2.318490e+01
 -5.655459e+01
 3.336968e+01
 2.318490e+01
 -5.655459e+01
 3.336968e+01
 2.318490e+01
 -5.655459e+01
 3.336968e+01
 2.318490e+01
 -5.655459e+01
 3.336968e+01
 2.257440e+01
 -5.591673e+01
 3.334234e+01
 2.257440e+01
 -5.591673e+01
 3.334234e+01
 2.257440e+01
 -5.591673e+01
 3.334234e+01
 2.257440e+01
 -5.591673e+01
 3.334234e+01
 2.257440e+01
 -5.591673e+01
 3.334234e+01
 2.257440e+01
 -5.591673e+01
 3.334234e+01
 2.257440e+01
 -5.591673e+01
 3.334234e+01
 2.197996e+01
 -5.532180e+01
 3.334183e+01
 2.197996e+01
 -5.532180e+01
 3.334183e+01
 2.197996e+01
 -5.532180e+01
 3.334183e+01
 2.197996e+01
 -5.532180e+01
 3.334183e+01
 2.197996e+01
 -5.532180e+01
 3.334183e+01
 2.197996e+01
 -5.532180e+01
 3.334183e+01
 2.197996e+01
 -5.532180e+01
 3.334183e+01
 2.140118e+01
 -5.476892e+01
 3.336773e+01
 2.140118e+01
 -5.476892e+01
 3.336773e+01
 2.140118e+01
 -5.476892e+01
 3.336773e+01
 2.140118e+01
 -5.476892e+01
 3.336773e+01
 2.140118e+01
 -5.476892e+01
 3.336773e+01
 2.140118e+01
 -5.476892e+01
 3.336773e+01
 2.140118e+01
 -5.476892e+01
 3.336773e+01
 2.083764e+01
 -5.425725e+01
 3.341961e+01
 2.083764e+01
 -5.425725e+01
 3.341961e+01
 2.083764e+01
 -5.425725e+01
 3.341961e+01
 2.083764e+01
 -5.425725e+01
 3.341961e+01
 2.083764e+01
 -5.425725e+01
 3.341961e+01
 2.083764e+01
 -5.425725e+01
 3.341961e+01
 2.083764e+01
 -5.425725e+01
 3.341961e+01
 2.028894e+01
 -5.378598e+01
 3.349704e+01
 2.028894e+01
 -5.378598e+01
 3.349704e+01
 2.028894e+01
 -5.378598e+01
 3.349704e+01
 2.028894e+01
 -5.378598e+01
 3.349704e+01
 2.028894e+01
 -5.378598e+01
 3.349704e+01
 2.028894e+01
 -5.378598e+01
 3.349704e+01
 2.028894e+01
 -5.378598e+01
 3.349704e+01
 2.028894e+01
 -5.378598e+01
 3.349704e+01
 2.028894e+01
 -5.378598e+01
 3.349704e+01
 2.028894e+01
 -5.378598e+01
 3.349704e+01
 2.028894e+01
 -5.378598e+01
 3.349704e+01
 2.028894e+01
 -5.378598e+01
 3.349704e+01
 2.028894e+01
 -5.378598e+01
 3.349704e+01
 2.028894e+01
 -5.378598e+01
 3.349704e+01
 2.028894e+01
 -5.378598e+01
 3.349704e+01
 2.028894e+01
 -5.378598e+01
 3.349704e+01
 2.028894e+01
 -5.378598e+01
 3.349704e+01
 1.975469e+01
 -5.335430e+01
 3.359961e+01
 1.975469e+01
 -5.335430e+01
 3.359961e+01
 1.975469e+01
 -5.335430e+01
 3.359961e+01
 1.975469e+01
 -5.335430e+01
 3.359961e+01
 1.975469e+01
 -5.335430e+01
 3.359961e+01
 1.975469e+01
 -5.335430e+01
 3.359961e+01
 1.975469e+01
 -5.335430e+01
 3.359961e+01
 1.975469e+01
 -5.335430e+01
 3.359961e+01
 1.975469e+01
 -5.335430e+01
 3.359961e+01
 1.975469e+01
 -5.335430e+01
 3.359961e+01
 1.975469e+01
 -5.335430e+01
 3.359961e+01
 1.975469e+01
 -5.335430e+01
 3.359961e+01
 1.975469e+01
 -5.335430e+01
 3.359961e+01
 1.975469e+01
 -5.335430e+01
 3.359961e+01
 1.975469e+01
 -5.335430e+01
 3.359961e+01
 1.975469e+01
 -5.335430e+01
 3.359961e+01
 1.975469e+01
 -5.335430e+01
 3.359961e+01
 1.975469e+01
 -5.335430e+01
 3.359961e+01
 1.975469e+01
 -5.335430e+01
 3.359961e+01
 1.975469e+01
 -5.335430e+01
 3.359961e+01
 1.975469e+01
 -5.335430e+01
 3.359961e+01
 1.975469e+01
 -5.335430e+01
 3.359961e+01
 1.975469e+01
 -5.335430e+01
 3.359961e+01
 1.975469e+01
 -5.335430e+01
 3.359961e+01
 1.975469e+01
 -5.335430e+01
 3.359961e+01
 1.975469e+01
 -5.335430e+01
 3.359961e+01
 1.975469e+01
 -5.335430e+01
 3.359961e+01
 1.975469e+01
 -5.335430e+01
 3.359961e+01
 1.975469e+01
 -5.335430e+01
 3.359961e+01
 1.975469e+01
 -5.335430e+01
 3.359961e+01
 1.975469e+01
 -5.335430e+01
 3.359961e+01
 1.975469e+01
 -5.335430e+01
 3.359961e+01
 1.975469e+01
 -5.335430e+01
 3.359961e+01
 1.975469e+01
 -5.335430e+01
 3.359961e+01
 1.975469e+01
 -5.335430e+01
 3.359961e+01
