 0
 0
 -4.833177e+06
 -4.833177e+06
 -4.833177e+06
 -4.833177e+06
 -4.833177e+06
 -4.833177e+06
 -4.833177e+06
 -4.833177e+06
 -4.833177e+06
 -4.833177e+06
 -4.833177e+06
 -4.833177e+06
 -4.833177e+06
 -4.833177e+06
 -4.833177e+06
 -4.833177e+06
 -4.833177e+06
 -4.833177e+06
 -4.833177e+06
 -4.833177e+06
 -4.833177e+06
 -4.833177e+06
 -4.833177e+06
 -4.833177e+06
 -4.833177e+06
 -4.833177e+06
 -4.833177e+06
 -4.833177e+06
 -4.833177e+06
 -4.833177e+06
 -4.833177e+06
 -4.833177e+06
 -4.833177e+06
 -4.833177e+06
 -4.833177e+06
 -4.833177e+06
 -4.833177e+06
 -4.833177e+06
 -4.833177e+06
 -4.833177e+06
 -4.833177e+06
 -4.833177e+06
 -4.833177e+06
 -4.833177e+06
 -4.833177e+06
 -4.833177e+06
 -4.833177e+06
 -4.833177e+06
 -4.833177e+06
 -4.833177e+06
 -4.833177e+06
 -4.833177e+06
 -4.833177e+06
 -4.833177e+06
 -4.833177e+06
 -4.833177e+06
 -4.833177e+06
 -4.833177e+06
 -4.833177e+06
 -4.833177e+06
 -4.833177e+06
 -4.833177e+06
 -4.833177e+06
 -4.833177e+06
 -4.833177e+06
 -4.833177e+06
 -4.833177e+06
 -4.833177e+06
 -4.833177e+06
 -4.833177e+06
 -4.833177e+06
 -4.833177e+06
 -4.833177e+06
 -4.833177e+06
 -4.833177e+06
 -4.833177e+06
 -4.833177e+06
 -4.833177e+06
 -4.833177e+06
 -4.833177e+06
 -4.833177e+06
 -4.833177e+06
 -4.833177e+06
 -4.833177e+06
 -4.833177e+06
 -4.833177e+06
 -4.833177e+06
 -4.833177e+06
 -4.833177e+06
 -4.833177e+06
 -4.833177e+06
 -4.833177e+06
 -4.833177e+06
 -4.833177e+06
 -4.833177e+06
 -4.833177e+06
 -4.833177e+06
 -4.833177e+06
 -4.833177e+06
 -4.833177e+06
