 0
 0
 1.324637e-14
 1.986956e-14
 5.298549e-14
 5.887276e-14
 6.623186e-14
 6.623186e-14
 3.311593e-14
 7.501840e-30
 3.750920e-30
 0
 3.750920e-30
 1.324637e-14
 1.986956e-14
 5.298549e-14
 5.887276e-14
 6.623186e-14
 6.623186e-14
 6.623186e-14
 1.324637e-13
 1.655797e-13
 3.311593e-13
 3.605957e-13
 3.973912e-13
 3.973912e-13
 3.973912e-13
 7.285505e-13
 8.941301e-13
 1.722028e-12
 1.869210e-12
 2.053188e-12
 2.053188e-12
 2.053188e-12
 3.708984e-12
 4.536882e-12
 8.676374e-12
 9.412283e-12
 1.033217e-11
 1.033217e-11
 1.033217e-11
 1.861115e-11
 2.275064e-11
 4.344810e-11
 4.712765e-11
 5.172708e-11
 5.172708e-11
 5.172708e-11
 9.312200e-11
 1.138195e-10
 2.173067e-10
 2.357045e-10
 2.587016e-10
 2.587016e-10
 2.587016e-10
 4.656762e-10
 5.691635e-10
 1.086600e-09
 1.178589e-09
 1.293574e-09
 1.293574e-09
 1.293574e-09
 2.328447e-09
 2.845884e-09
 5.433066e-09
 5.893009e-09
 6.467939e-09
 6.467939e-09
 6.467939e-09
 1.164230e-08
 1.422948e-08
 2.716539e-08
 2.946511e-08
 3.233976e-08
 3.233976e-08
 3.233976e-08
 5.821158e-08
 7.114749e-08
 1.358270e-07
 1.473256e-07
 1.616989e-07
 1.616989e-07
 1.616989e-07
 2.910580e-07
 3.557375e-07
 6.791353e-07
 7.366282e-07
 8.084944e-07
 8.084944e-07
 8.084944e-07
 1.455290e-06
 1.778688e-06
 3.395676e-06
 3.683141e-06
 4.042472e-06
 4.042472e-06
 4.042472e-06
 4.233978e-06
 4.329730e-06
 4.808494e-06
 4.893608e-06
 5.000000e-06
 5.000000e-06
 5.000000e-06
 6.000000e-06
 6.500000e-06
 9.000000e-06
 9.444444e-06
 1.000000e-05
 1.000000e-05
 1.000000e-05
 1.100000e-05
 1.150000e-05
 1.400000e-05
 1.444444e-05
 1.500000e-05
 1.500000e-05
 1.500000e-05
 1.600000e-05
 1.650000e-05
 1.900000e-05
 1.944444e-05
 2.000000e-05
 2.000000e-05
 2.000000e-05
 2.100000e-05
 2.150000e-05
 2.400000e-05
 2.444444e-05
 2.500000e-05
 2.500000e-05
 2.500000e-05
 2.600000e-05
 2.650000e-05
 2.900000e-05
 2.944444e-05
 3.000000e-05
 3.000000e-05
 3.000000e-05
 3.100000e-05
 3.150000e-05
 3.400000e-05
 3.444444e-05
 3.500000e-05
 3.500000e-05
 3.500000e-05
 3.600000e-05
 3.650000e-05
 3.900000e-05
 3.944444e-05
 4.000000e-05
 4.000000e-05
 4.000000e-05
 4.100000e-05
 4.150000e-05
 4.400000e-05
 4.444444e-05
 4.500000e-05
 4.500000e-05
 4.500000e-05
 4.600000e-05
 4.650000e-05
 4.900000e-05
 4.944444e-05
 5.000000e-05
 5.000000e-05
 4.995260e-05
 4.995260e-05
 4.995260e-05
 4.995260e-05
 4.996208e-05
 4.996682e-05
 4.999052e-05
 4.999473e-05
 5.000000e-05
 5.000000e-05
 5.000000e-05
 5.004740e-05
 5.007110e-05
 5.018960e-05
 5.021067e-05
 5.023700e-05
 5.023700e-05
 5.005214e-05
 5.005214e-05
 5.005214e-05
 5.005214e-05
 5.009954e-05
 5.012324e-05
 5.024175e-05
 5.026281e-05
 5.028915e-05
 5.028915e-05
 5.005688e-05
 5.005451e-05
 5.005688e-05
 5.005688e-05
 5.005688e-05
 5.007679e-05
 5.008675e-05
 5.013652e-05
 5.014536e-05
 5.015642e-05
 5.015642e-05
 5.010665e-05
 5.005688e-05
 5.005688e-05
 5.005688e-05
 5.005783e-05
 5.005830e-05
 5.006068e-05
 5.006110e-05
 5.006162e-05
 5.006162e-05
 5.006257e-05
 5.006305e-05
 5.006542e-05
 5.006584e-05
 5.006636e-05
 5.006636e-05
 5.006826e-05
 5.006921e-05
 5.007395e-05
 5.007479e-05
 5.007585e-05
 5.007585e-05
 5.007964e-05
 5.008153e-05
 5.009102e-05
 5.009270e-05
 5.009481e-05
 5.009481e-05
 5.010239e-05
 5.010619e-05
 5.012515e-05
 5.012852e-05
 5.013273e-05
 5.013273e-05
 5.013273e-05
 5.014790e-05
 5.015549e-05
 5.019342e-05
 5.020016e-05
 5.020859e-05
 5.020859e-05
 5.020859e-05
 5.023893e-05
 5.025410e-05
 5.032995e-05
 5.034343e-05
 5.036029e-05
 5.036029e-05
 5.036029e-05
 5.042097e-05
 5.045131e-05
 5.060302e-05
 5.062999e-05
 5.066370e-05
 5.066370e-05
 5.066370e-05
 5.078506e-05
 5.084574e-05
 5.114915e-05
 5.120309e-05
 5.127052e-05
 5.127052e-05
 5.127052e-05
 5.151324e-05
 5.163461e-05
 5.224142e-05
 5.234930e-05
 5.248415e-05
 5.248415e-05
 5.248415e-05
 5.298732e-05
 5.323890e-05
 5.449683e-05
 5.472046e-05
 5.500000e-05
 5.500000e-05
 5.500000e-05
 5.600000e-05
 5.650000e-05
 5.900000e-05
 5.944444e-05
 6.000000e-05
 6.000000e-05
 6.000000e-05
 6.100000e-05
 6.150000e-05
 6.400000e-05
 6.444444e-05
 6.500000e-05
 6.500000e-05
 6.500000e-05
 6.600000e-05
 6.650000e-05
 6.900000e-05
 6.944444e-05
 7.000000e-05
 7.000000e-05
 6.818285e-05
 6.818292e-05
 6.818292e-05
 6.818292e-05
 6.818292e-05
 6.818292e-05
 6.854634e-05
 6.872804e-05
 6.963658e-05
 6.979810e-05
 7.000000e-05
 7.000000e-05
 7.000000e-05
 7.036342e-05
 7.054512e-05
 7.145366e-05
 7.161518e-05
 7.181708e-05
 7.181708e-05
 7.181708e-05
 7.245366e-05
 7.277196e-05
 7.436342e-05
 7.464634e-05
 7.500000e-05
 7.500000e-05
 7.500000e-05
 7.600000e-05
 7.650000e-05
 7.900000e-05
 7.944444e-05
 8.000000e-05
 8.000000e-05
 8.000000e-05
 8.100000e-05
 8.150000e-05
 8.400000e-05
 8.444444e-05
 8.500000e-05
 8.500000e-05
 8.500000e-05
 8.600000e-05
 8.650000e-05
 8.900000e-05
 8.944444e-05
 9.000000e-05
 9.000000e-05
 9.000000e-05
 9.100000e-05
 9.150000e-05
 9.400000e-05
 9.444444e-05
 9.500000e-05
 9.500000e-05
 9.500000e-05
 9.600000e-05
 9.650000e-05
 9.900000e-05
 9.944444e-05
 1.000000e-04
 1.000000e-04
 1.000000e-04
 1.010000e-04
 1.015000e-04
 1.040000e-04
 1.044444e-04
 1.050000e-04
 1.050000e-04
 1.050000e-04
 1.060000e-04
 1.065000e-04
 1.090000e-04
 1.094444e-04
 1.100000e-04
 1.100000e-04
 1.100000e-04
 1.110000e-04
 1.115000e-04
 1.140000e-04
 1.144444e-04
 1.150000e-04
 1.150000e-04
 1.150000e-04
 1.160000e-04
 1.165000e-04
 1.190000e-04
 1.194444e-04
 1.200000e-04
 1.200000e-04
 1.200000e-04
 1.210000e-04
 1.215000e-04
 1.240000e-04
 1.244444e-04
 1.250000e-04
 1.250000e-04
 1.250000e-04
 1.260000e-04
 1.265000e-04
 1.290000e-04
 1.294444e-04
 1.300000e-04
 1.300000e-04
 1.300000e-04
 1.310000e-04
 1.315000e-04
 1.340000e-04
 1.344444e-04
 1.350000e-04
 1.350000e-04
 1.350000e-04
 1.360000e-04
 1.365000e-04
 1.390000e-04
 1.394444e-04
 1.400000e-04
 1.400000e-04
 1.400000e-04
 1.410000e-04
 1.415000e-04
 1.440000e-04
 1.444444e-04
 1.450000e-04
 1.450000e-04
 1.450000e-04
 1.460000e-04
 1.465000e-04
 1.490000e-04
 1.494444e-04
 1.500000e-04
 1.500000e-04
 1.498578e-04
 1.498578e-04
 1.498578e-04
 1.498578e-04
 1.498862e-04
 1.499005e-04
 1.499716e-04
 1.499842e-04
 1.500000e-04
 1.500000e-04
 1.500000e-04
 1.500284e-04
 1.500427e-04
 1.501138e-04
 1.501264e-04
 1.501422e-04
 1.501422e-04
 1.501422e-04
 1.501991e-04
 1.502275e-04
 1.503697e-04
 1.503950e-04
 1.504266e-04
 1.504266e-04
 1.501517e-04
 1.501517e-04
 1.501517e-04
