 0
 0
 1.324637e-14
 1.986956e-14
 5.298549e-14
 5.887276e-14
 6.623186e-14
 6.623186e-14
 3.311593e-14
 7.501840e-30
 3.750920e-30
 0
 3.750920e-30
 1.324637e-14
 1.986956e-14
 5.298549e-14
 5.887276e-14
 6.623186e-14
 6.623186e-14
 6.623186e-14
 1.324637e-13
 1.655797e-13
 3.311593e-13
 3.605957e-13
 3.973912e-13
 3.973912e-13
 3.973912e-13
 7.285505e-13
 8.941301e-13
 1.722028e-12
 1.869210e-12
 2.053188e-12
 2.053188e-12
 2.053188e-12
 3.708984e-12
 4.536882e-12
 8.676374e-12
 9.412283e-12
 1.033217e-11
 1.033217e-11
 1.033217e-11
 1.861115e-11
 2.275064e-11
 4.344810e-11
 4.712765e-11
 5.172708e-11
 5.172708e-11
 5.172708e-11
 9.312200e-11
 1.138195e-10
 2.173067e-10
 2.357045e-10
 2.587016e-10
 2.587016e-10
 2.587016e-10
 4.656762e-10
 5.691635e-10
 1.086600e-09
 1.178589e-09
 1.293574e-09
 1.293574e-09
 1.293574e-09
 2.328447e-09
 2.845884e-09
 5.433066e-09
 5.893009e-09
 6.467939e-09
 6.467939e-09
 6.467939e-09
 1.164230e-08
 1.422948e-08
 2.716539e-08
 2.946511e-08
 3.233976e-08
 3.233976e-08
 3.233976e-08
 5.821158e-08
 7.114749e-08
 1.358270e-07
 1.473256e-07
 1.616989e-07
 1.616989e-07
 1.616989e-07
 2.910580e-07
 3.557375e-07
 6.791353e-07
 7.366282e-07
 8.084944e-07
 8.084944e-07
 8.084944e-07
 1.455290e-06
 1.778688e-06
 3.395676e-06
 3.683141e-06
 4.042472e-06
 4.042472e-06
 4.042472e-06
 4.233978e-06
 4.329730e-06
 4.808494e-06
 4.893608e-06
 5.000000e-06
 5.000000e-06
 5.000000e-06
 6.000000e-06
 6.500000e-06
 9.000000e-06
 9.444444e-06
 1.000000e-05
 1.000000e-05
 1.000000e-05
 1.100000e-05
 1.150000e-05
 1.400000e-05
 1.444444e-05
 1.500000e-05
 1.500000e-05
 1.500000e-05
 1.600000e-05
 1.650000e-05
 1.900000e-05
 1.944444e-05
 2.000000e-05
 2.000000e-05
 2.000000e-05
 2.100000e-05
 2.150000e-05
 2.400000e-05
 2.444444e-05
 2.500000e-05
 2.500000e-05
 2.500000e-05
 2.600000e-05
 2.650000e-05
 2.900000e-05
 2.944444e-05
 3.000000e-05
 3.000000e-05
 3.000000e-05
 3.100000e-05
 3.150000e-05
 3.400000e-05
 3.444444e-05
 3.500000e-05
 3.500000e-05
 3.500000e-05
 3.600000e-05
 3.650000e-05
 3.900000e-05
 3.944444e-05
 4.000000e-05
 4.000000e-05
 4.000000e-05
 4.100000e-05
 4.150000e-05
 4.400000e-05
 4.444444e-05
 4.500000e-05
 4.500000e-05
 4.500000e-05
 4.600000e-05
 4.650000e-05
 4.900000e-05
 4.944444e-05
 5.000000e-05
 5.000000e-05
 4.995260e-05
 4.995260e-05
 4.995260e-05
 4.995260e-05
 4.996208e-05
 4.996682e-05
 4.999052e-05
 4.999473e-05
 5.000000e-05
 5.000000e-05
 5.000000e-05
 5.004740e-05
 5.007110e-05
 5.018960e-05
 5.021067e-05
 5.023700e-05
 5.023700e-05
 5.005214e-05
 5.005214e-05
 5.005214e-05
 5.005214e-05
 5.009954e-05
 5.012324e-05
 5.024175e-05
 5.026281e-05
 5.028915e-05
 5.028915e-05
 5.005688e-05
 5.005451e-05
 5.005688e-05
 5.005688e-05
 5.005688e-05
 5.007679e-05
 5.008675e-05
 5.013652e-05
 5.014536e-05
 5.015642e-05
 5.015642e-05
 5.010665e-05
 5.005688e-05
 5.005688e-05
