 0
 0
 0
 0
 0
 0
 2.094095e-16
 2.094095e-16
 2.094095e-16
 3.141143e-16
 3.141143e-16
 3.141143e-16
 8.376380e-16
 8.376380e-16
 8.376380e-16
 9.307089e-16
 9.307089e-16
 9.307089e-16
 1.047048e-15
 1.047048e-15
 1.047048e-15
 1.047048e-15
 1.047048e-15
 1.047048e-15
 5.235238e-16
 5.235238e-16
 5.235238e-16
 3.155444e-30
 3.155444e-30
 3.155444e-30
 0
 0
 0
 3.155444e-30
 3.155444e-30
 3.155444e-30
 2.094095e-16
 2.094095e-16
 2.094095e-16
 3.141143e-16
 3.141143e-16
 3.141143e-16
 8.376380e-16
 8.376380e-16
 8.376380e-16
 9.307089e-16
 9.307089e-16
 9.307089e-16
 1.047048e-15
 1.047048e-15
 1.047048e-15
 1.047048e-15
 1.047048e-15
 1.047048e-15
 1.047048e-15
 1.047048e-15
 1.047048e-15
 2.094095e-15
 2.094095e-15
 2.094095e-15
 2.617619e-15
 2.617619e-15
 2.617619e-15
 5.235238e-15
 5.235238e-15
 5.235238e-15
 5.700592e-15
 5.700592e-15
 5.700592e-15
 6.282285e-15
 6.282285e-15
 6.282285e-15
 6.282285e-15
 6.282285e-15
 6.282285e-15
 6.282285e-15
 6.282285e-15
 6.282285e-15
 1.151752e-14
 1.151752e-14
 1.151752e-14
 1.413514e-14
 1.413514e-14
 1.413514e-14
 2.722324e-14
 2.722324e-14
 2.722324e-14
 2.955001e-14
 2.955001e-14
 2.955001e-14
 3.245847e-14
 3.245847e-14
 3.245847e-14
 3.245847e-14
 3.245847e-14
 3.245847e-14
 3.245847e-14
 3.245847e-14
 3.245847e-14
 5.863466e-14
 5.863466e-14
 5.863466e-14
 7.172276e-14
 7.172276e-14
 7.172276e-14
 1.371632e-13
 1.371632e-13
 1.371632e-13
 1.487971e-13
 1.487971e-13
 1.487971e-13
 1.633394e-13
 1.633394e-13
 1.633394e-13
 1.633394e-13
 1.633394e-13
 1.633394e-13
 1.633394e-13
 1.633394e-13
 1.633394e-13
 2.942204e-13
 2.942204e-13
 2.942204e-13
 3.596608e-13
 3.596608e-13
 3.596608e-13
 6.868632e-13
 6.868632e-13
 6.868632e-13
 7.450325e-13
 7.450325e-13
 7.450325e-13
 8.177441e-13
 8.177441e-13
 8.177441e-13
 8.177441e-13
 8.177441e-13
 8.177441e-13
 8.177441e-13
 8.177441e-13
 8.177441e-13
 1.472149e-12
 1.472149e-12
 1.472149e-12
 1.799351e-12
 1.799351e-12
 1.799351e-12
 3.435363e-12
 3.435363e-12
 3.435363e-12
 3.726209e-12
 3.726209e-12
 3.726209e-12
 4.089768e-12
 4.089768e-12
 4.089768e-12
 4.089768e-12
 4.089768e-12
 4.089768e-12
 4.089768e-12
 4.089768e-12
 4.089768e-12
 7.361791e-12
 7.361791e-12
 7.361791e-12
 8.997803e-12
 8.997803e-12
 8.997803e-12
 1.717786e-11
 1.717786e-11
 1.717786e-11
 1.863209e-11
 1.863209e-11
 1.863209e-11
 2.044989e-11
 2.044989e-11
 2.044989e-11
 2.044989e-11
 2.044989e-11
 2.044989e-11
 2.044989e-11
 2.044989e-11
 2.044989e-11
 3.681000e-11
 3.681000e-11
 3.681000e-11
 4.499006e-11
 4.499006e-11
 4.499006e-11
 8.589036e-11
 8.589036e-11
 8.589036e-11
 9.316152e-11
 9.316152e-11
 9.316152e-11
 1.022505e-10
 1.022505e-10
 1.022505e-10
 1.022505e-10
 1.022505e-10
 1.022505e-10
 1.022505e-10
 1.022505e-10
 1.022505e-10
 1.840511e-10
 1.840511e-10
 1.840511e-10
 2.249514e-10
 2.249514e-10
 2.249514e-10
 4.294528e-10
 4.294528e-10
 4.294528e-10
 4.658086e-10
 4.658086e-10
 4.658086e-10
 5.112534e-10
 5.112534e-10
 5.112534e-10
 5.112534e-10
 5.112534e-10
 5.112534e-10
 5.112534e-10
 5.112534e-10
 5.112534e-10
 9.202564e-10
 9.202564e-10
 9.202564e-10
 1.124758e-09
 1.124758e-09
 1.124758e-09
 2.147265e-09
 2.147265e-09
 2.147265e-09
 2.329044e-09
 2.329044e-09
 2.329044e-09
 2.556268e-09
 2.556268e-09
 2.556268e-09
 2.556268e-09
 2.556268e-09
 2.556268e-09
 2.556268e-09
 2.556268e-09
 2.556268e-09
 4.601283e-09
 4.601283e-09
 4.601283e-09
 5.623790e-09
 5.623790e-09
 5.623790e-09
 1.073633e-08
 1.073633e-08
 1.073633e-08
 1.164522e-08
 1.164522e-08
 1.164522e-08
 1.278134e-08
 1.278134e-08
 1.278134e-08
 1.278134e-08
 1.278134e-08
 1.278134e-08
 1.278134e-08
 1.278134e-08
 1.278134e-08
 2.300642e-08
 2.300642e-08
 2.300642e-08
 2.811895e-08
 2.811895e-08
 2.811895e-08
 5.368164e-08
 5.368164e-08
 5.368164e-08
 5.822611e-08
 5.822611e-08
 5.822611e-08
 6.390671e-08
 6.390671e-08
 6.390671e-08
 6.390671e-08
 6.390671e-08
 6.390671e-08
 6.390671e-08
 6.390671e-08
 6.390671e-08
 1.150321e-07
 1.150321e-07
 1.150321e-07
 1.405948e-07
 1.405948e-07
 1.405948e-07
 2.684082e-07
 2.684082e-07
 2.684082e-07
 2.911306e-07
 2.911306e-07
 2.911306e-07
 3.195335e-07
 3.195335e-07
 3.195335e-07
 3.195335e-07
 3.195335e-07
 3.195335e-07
