 0
 0
 0
 2.776240e-02
 -1.253059e+00
 1.224613e+00
 2.776240e-02
 -1.253059e+00
 1.224613e+00
 2.776240e-02
 -1.253059e+00
 1.224613e+00
 2.776240e-02
 -1.253059e+00
 1.224613e+00
 2.776240e-02
 -1.253059e+00
 1.224613e+00
 2.776240e-02
 -1.253059e+00
 1.224613e+00
 2.776240e-02
 -1.253059e+00
 1.224613e+00
 2.776240e-02
 -1.253059e+00
 1.224613e+00
 2.776240e-02
 -1.253059e+00
 1.224613e+00
 2.776240e-02
 -1.253059e+00
 1.224613e+00
 2.776240e-02
 -1.253059e+00
 1.224613e+00
 2.776240e-02
 -1.253059e+00
 1.224613e+00
 2.776240e-02
 -1.253059e+00
 1.224613e+00
 2.776240e-02
 -1.253059e+00
 1.224613e+00
 2.776240e-02
 -1.253059e+00
 1.224613e+00
 2.776240e-02
 -1.253059e+00
 1.224613e+00
 2.776240e-02
 -1.253059e+00
 1.224613e+00
 2.776240e-02
 -1.253059e+00
 1.224613e+00
 2.776240e-02
 -1.253059e+00
 1.224613e+00
 2.776240e-02
 -1.253059e+00
 1.224613e+00
 2.776240e-02
 -1.253059e+00
 1.224613e+00
 2.776240e-02
 -1.253059e+00
 1.224613e+00
 2.776240e-02
 -1.253059e+00
 1.224613e+00
 2.776240e-02
 -1.253059e+00
 1.224613e+00
 2.776240e-02
 -1.253059e+00
 1.224613e+00
 2.776240e-02
 -1.253059e+00
 1.224613e+00
 2.776240e-02
 -1.253059e+00
 1.224613e+00
 2.776240e-02
 -1.253059e+00
 1.224613e+00
 2.776240e-02
 -1.253059e+00
 1.224613e+00
 2.776240e-02
 -1.253059e+00
 1.224613e+00
 2.776240e-02
 -1.253059e+00
 1.224613e+00
 2.776240e-02
 -1.253059e+00
 1.224613e+00
 2.776240e-02
 -1.253059e+00
 1.224613e+00
 2.776240e-02
 -1.253059e+00
 1.224613e+00
 2.776240e-02
 -1.253059e+00
 1.224613e+00
 2.776240e-02
 -1.253059e+00
 1.224613e+00
 2.776240e-02
 -1.253059e+00
 1.224613e+00
 2.776240e-02
 -1.253059e+00
 1.224613e+00
 2.776240e-02
 -1.253059e+00
 1.224613e+00
 2.776240e-02
 -1.253059e+00
 1.224613e+00
 2.776240e-02
 -1.253059e+00
 1.224613e+00
 2.776240e-02
 -1.253059e+00
 1.224613e+00
 2.776240e-02
 -1.253059e+00
 1.224613e+00
 2.776240e-02
 -1.253059e+00
 1.224613e+00
 2.776240e-02
 -1.253059e+00
 1.224613e+00
 2.776240e-02
 -1.253059e+00
 1.224613e+00
 2.776240e-02
 -1.253059e+00
 1.224613e+00
 2.776240e-02
 -1.253059e+00
 1.224613e+00
 2.776240e-02
 -1.253059e+00
 1.224613e+00
 2.776240e-02
 -1.253059e+00
 1.224613e+00
 2.776240e-02
 -1.253059e+00
 1.224613e+00
 2.776240e-02
 -1.253059e+00
 1.224613e+00
 2.776240e-02
 -1.253059e+00
 1.224613e+00
 2.776240e-02
 -1.253059e+00
 1.224613e+00
 2.776240e-02
 -1.253059e+00
 1.224613e+00
 2.776240e-02
 -1.253059e+00
 1.224613e+00
 2.776240e-02
 -1.253059e+00
 1.224613e+00
 2.776240e-02
 -1.253059e+00
 1.224613e+00
 2.776240e-02
 -1.253059e+00
 1.224613e+00
 2.776240e-02
 -1.253059e+00
 1.224613e+00
 2.776240e-02
 -1.253059e+00
 1.224613e+00
 2.776240e-02
 -1.253059e+00
 1.224613e+00
 2.776240e-02
 -1.253059e+00
 1.224613e+00
 2.776240e-02
 -1.253059e+00
 1.224613e+00
 2.776240e-02
 -1.253059e+00
 1.224613e+00
 2.776240e-02
 -1.253059e+00
 1.224613e+00
 2.776240e-02
 -1.253059e+00
 1.224613e+00
 2.776240e-02
 -1.253059e+00
 1.224613e+00
 2.776240e-02
 -1.253059e+00
 1.224613e+00
 2.776240e-02
 -1.253059e+00
 1.224613e+00
 2.776240e-02
 -1.253059e+00
 1.224613e+00
 2.776240e-02
 -1.253059e+00
 1.224613e+00
 2.776240e-02
 -1.253059e+00
 1.224613e+00
 2.776240e-02
 -1.253059e+00
 1.224613e+00
 2.776240e-02
 -1.253059e+00
 1.224613e+00
 2.776240e-02
 -1.253059e+00
 1.224613e+00
 2.776240e-02
 -1.253059e+00
 1.224613e+00
 2.776240e-02
 -1.253059e+00
 1.224613e+00
 2.776240e-02
 -1.253059e+00
 1.224613e+00
 2.776240e-02
 -1.253059e+00
 1.224613e+00
 2.776240e-02
 -1.253059e+00
 1.224613e+00
 2.776240e-02
 -1.253059e+00
 1.224613e+00
 2.776240e-02
 -1.253059e+00
 1.224613e+00
 2.776240e-02
 -1.253059e+00
 1.224613e+00
 2.776240e-02
 -1.253059e+00
 1.224613e+00
 2.776240e-02
 -1.253059e+00
 1.224613e+00
 2.776240e-02
 -1.253059e+00
 1.224613e+00
 2.776240e-02
 -1.253059e+00
 1.224613e+00
 2.776240e-02
 -1.253059e+00
 1.224613e+00
 2.776240e-02
 -1.253059e+00
 1.224613e+00
 2.776240e-02
 -1.253059e+00
 1.224613e+00
 2.776240e-02
 -1.253059e+00
 1.224613e+00
 2.776240e-02
 -1.253059e+00
 1.224613e+00
 2.776240e-02
 -1.253059e+00
 1.224613e+00
 2.776240e-02
 -1.253059e+00
 1.224613e+00
 2.776240e-02
 -1.253059e+00
 1.224613e+00
 2.776240e-02
 -1.253059e+00
 1.224613e+00
 2.776240e-02
 -1.253059e+00
 1.224613e+00
 2.776240e-02
 -1.253059e+00
 1.224613e+00
 2.776240e-02
 -1.253059e+00
 1.224613e+00
 2.776240e-02
 -1.253059e+00
 1.224613e+00
 2.776240e-02
 -1.253059e+00
 1.224613e+00
 2.612521e-02
 -1.221408e+00
 1.193701e+00
 2.612521e-02
 -1.221408e+00
 1.193701e+00
 2.612521e-02
 -1.221408e+00
 1.193701e+00
 2.612521e-02
 -1.221408e+00
 1.193701e+00
 2.612521e-02
 -1.221408e+00
 1.193701e+00
 2.612521e-02
 -1.221408e+00
 1.193701e+00
 2.612521e-02
 -1.221408e+00
 1.193701e+00
 2.432153e-02
 -1.190788e+00
 1.163801e+00
 2.432153e-02
 -1.190788e+00
 1.163801e+00
 2.432153e-02
 -1.190788e+00
 1.163801e+00
 2.432153e-02
 -1.190788e+00
 1.163801e+00
 2.432153e-02
 -1.190788e+00
 1.163801e+00
 2.432153e-02
 -1.190788e+00
 1.163801e+00
 2.432153e-02
 -1.190788e+00
 1.163801e+00
 2.237804e-02
 -1.161151e+00
 1.134866e+00
 2.237804e-02
 -1.161151e+00
 1.134866e+00
 2.237804e-02
 -1.161151e+00
 1.134866e+00
 2.237804e-02
 -1.161151e+00
 1.134866e+00
 2.237804e-02
 -1.161151e+00
 1.134866e+00
 2.237804e-02
 -1.161151e+00
 1.134866e+00
 2.237804e-02
 -1.161151e+00
 1.134866e+00
 2.031981e-02
 -1.132449e+00
 1.106847e+00
 2.031981e-02
 -1.132449e+00
 1.106847e+00
 2.031981e-02
 -1.132449e+00
 1.106847e+00
 2.031981e-02
 -1.132449e+00
 1.106847e+00
 2.031981e-02
 -1.132449e+00
 1.106847e+00
 2.031981e-02
 -1.132449e+00
 1.106847e+00
 2.031981e-02
 -1.132449e+00
 1.106847e+00
 1.817027e-02
 -1.104638e+00
 1.079702e+00
 1.817027e-02
 -1.104638e+00
 1.079702e+00
 1.817027e-02
 -1.104638e+00
 1.079702e+00
 1.817027e-02
 -1.104638e+00
 1.079702e+00
 1.817027e-02
 -1.104638e+00
 1.079702e+00
 1.817027e-02
 -1.104638e+00
 1.079702e+00
 1.817027e-02
 -1.104638e+00
 1.079702e+00
 1.595130e-02
 -1.077675e+00
 1.053387e+00
 1.595130e-02
 -1.077675e+00
 1.053387e+00
 1.595130e-02
 -1.077675e+00
 1.053387e+00
 1.595130e-02
 -1.077675e+00
 1.053387e+00
 1.595130e-02
 -1.077675e+00
 1.053387e+00
 1.595130e-02
 -1.077675e+00
 1.053387e+00
 1.595130e-02
 -1.077675e+00
 1.053387e+00
 1.368319e-02
 -1.051520e+00
 1.027863e+00
 1.368319e-02
 -1.051520e+00
 1.027863e+00
 1.368319e-02
 -1.051520e+00
 1.027863e+00
 1.368319e-02
 -1.051520e+00
 1.027863e+00
 1.368319e-02
 -1.051520e+00
 1.027863e+00
 1.368319e-02
 -1.051520e+00
 1.027863e+00
 1.368319e-02
 -1.051520e+00
 1.027863e+00
 1.138471e-02
 -1.026134e+00
 1.003092e+00
 1.138471e-02
 -1.026134e+00
 1.003092e+00
 1.138471e-02
 -1.026134e+00
 1.003092e+00
 1.138471e-02
 -1.026134e+00
 1.003092e+00
 1.138471e-02
 -1.026134e+00
 1.003092e+00
 1.138471e-02
 -1.026134e+00
 1.003092e+00
 1.138471e-02
 -1.026134e+00
 1.003092e+00
 9.073154e-03
 -1.001480e+00
 9.790369e-01
 9.073154e-03
 -1.001480e+00
 9.790369e-01
 9.073154e-03
 -1.001480e+00
 9.790369e-01
 9.073154e-03
 -1.001480e+00
 9.790369e-01
 9.073154e-03
 -1.001480e+00
 9.790369e-01
 9.073154e-03
 -1.001480e+00
 9.790369e-01
 9.073154e-03
 -1.001480e+00
 9.790369e-01
 9.073154e-03
 -1.001480e+00
 9.790369e-01
 9.073154e-03
 -1.001480e+00
 9.790369e-01
 9.073154e-03
 -1.001480e+00
 9.790369e-01
 9.073154e-03
 -1.001480e+00
 9.790369e-01
 9.073154e-03
 -1.001480e+00
 9.790369e-01
 9.073154e-03
 -1.001480e+00
 9.790369e-01
 9.073154e-03
 -1.001480e+00
 9.790369e-01
 9.073154e-03
 -1.001480e+00
 9.790369e-01
 9.073154e-03
 -1.001480e+00
 9.790369e-01
 9.073154e-03
 -1.001480e+00
 9.790369e-01
 6.764361e-03
 -9.775249e-01
 9.556648e-01
 6.764361e-03
 -9.775249e-01
 9.556648e-01
 6.764361e-03
 -9.775249e-01
 9.556648e-01
 6.764361e-03
 -9.775249e-01
 9.556648e-01
 6.764361e-03
 -9.775249e-01
 9.556648e-01
 6.764361e-03
 -9.775249e-01
 9.556648e-01
 6.764361e-03
 -9.775249e-01
 9.556648e-01
 6.764361e-03
 -9.775249e-01
 9.556648e-01
 6.764361e-03
 -9.775249e-01
 9.556648e-01
 6.764361e-03
 -9.775249e-01
 9.556648e-01
 6.764361e-03
 -9.775249e-01
 9.556648e-01
 6.764361e-03
 -9.775249e-01
 9.556648e-01
 6.764361e-03
 -9.775249e-01
 9.556648e-01
 6.764361e-03
 -9.775249e-01
 9.556648e-01
 6.764361e-03
 -9.775249e-01
 9.556648e-01
 6.764361e-03
 -9.775249e-01
 9.556648e-01
 6.764361e-03
 -9.775249e-01
 9.556648e-01
 6.764361e-03
 -9.775249e-01
 9.556648e-01
 6.764361e-03
 -9.775249e-01
 9.556648e-01
 6.764361e-03
 -9.775249e-01
 9.556648e-01
 6.764361e-03
 -9.775249e-01
 9.556648e-01
 6.764361e-03
 -9.775249e-01
 9.556648e-01
 6.764361e-03
 -9.775249e-01
 9.556648e-01
 6.764361e-03
 -9.775249e-01
 9.556648e-01
 6.764361e-03
 -9.775249e-01
 9.556648e-01
 6.764361e-03
 -9.775249e-01
 9.556648e-01
 6.764361e-03
 -9.775249e-01
 9.556648e-01
 6.764361e-03
 -9.775249e-01
 9.556648e-01
 6.764361e-03
 -9.775249e-01
 9.556648e-01
 6.764361e-03
 -9.775249e-01
 9.556648e-01
 6.764361e-03
 -9.775249e-01
 9.556648e-01
