 0
 0
 -2.828704e+00
 -2.828704e+00
 -2.828704e+00
 -2.828704e+00
 -2.828704e+00
 -2.828704e+00
 -2.828704e+00
 -2.828704e+00
 -2.828704e+00
 -2.828704e+00
 -2.828704e+00
 -2.828704e+00
 -2.828704e+00
 -2.828704e+00
 -2.828704e+00
 -2.828704e+00
 -2.828704e+00
 -2.828704e+00
 -2.828704e+00
 -2.828704e+00
 -2.828704e+00
 -2.828704e+00
 -2.828704e+00
 -2.828704e+00
 -2.828704e+00
 -2.828704e+00
 -2.828704e+00
 -2.828704e+00
 -2.828704e+00
 -2.828704e+00
 -2.828704e+00
 -2.828704e+00
 -2.828704e+00
 -2.828704e+00
 -2.828704e+00
 -2.828704e+00
 -2.828704e+00
 -2.828704e+00
 -2.828704e+00
 -2.828704e+00
 -2.828704e+00
 -2.828704e+00
 -2.828704e+00
 -2.828704e+00
 -2.828704e+00
 -2.828704e+00
 -2.828704e+00
 -2.828704e+00
 -2.828704e+00
 -2.828704e+00
 -2.828704e+00
 -2.828704e+00
 -2.828704e+00
 -2.828704e+00
 -2.828704e+00
 -2.828704e+00
 -2.828704e+00
 -2.828704e+00
 -2.828704e+00
 -2.828704e+00
 -2.828704e+00
 -2.828704e+00
 -2.828704e+00
 -2.828704e+00
 -2.828704e+00
 -2.828704e+00
 -2.828704e+00
 -2.828704e+00
 -2.828704e+00
 -2.828704e+00
 -2.828704e+00
 -2.828704e+00
 -2.828704e+00
 -2.828704e+00
 -2.828704e+00
 -2.828704e+00
 -2.828704e+00
 -2.828704e+00
 -2.828704e+00
 -2.828704e+00
 -2.828704e+00
 -2.828704e+00
 -2.828704e+00
 -2.828704e+00
 -2.828704e+00
 -2.828704e+00
 -2.828704e+00
 -2.828704e+00
 -2.828704e+00
 -2.828704e+00
 -2.828704e+00
 -2.828704e+00
 -2.828704e+00
 -2.828704e+00
 -2.828704e+00
 -2.828704e+00
 -2.828704e+00
 -2.828704e+00
 -2.828704e+00
 -2.828704e+00
 -2.828704e+00
 -2.828704e+00
 -5.577555e+00
 -5.577555e+00
 -5.577555e+00
 -5.577555e+00
 -5.577555e+00
 -5.577555e+00
 -5.577555e+00
 -5.419855e+00
 -5.419855e+00
 -5.419855e+00
 -5.419855e+00
 -5.419855e+00
 -5.419855e+00
 -5.419855e+00
 -5.266168e+00
 -5.266168e+00
 -5.266168e+00
 -5.266168e+00
 -5.266168e+00
 -5.266168e+00
 -5.266168e+00
 -5.116394e+00
 -5.116394e+00
 -5.116394e+00
 -5.116394e+00
 -5.116394e+00
 -5.116394e+00
 -5.116394e+00
 -4.970435e+00
 -4.970435e+00
 -4.970435e+00
 -4.970435e+00
 -4.970435e+00
 -4.970435e+00
 -4.970435e+00
 -4.828197e+00
 -4.828197e+00
 -4.828197e+00
 -4.828197e+00
 -4.828197e+00
 -4.828197e+00
 -4.828197e+00
 -4.689586e+00
 -4.689586e+00
 -4.689586e+00
 -4.689586e+00
 -4.689586e+00
 -4.689586e+00
 -4.689586e+00
 -4.554512e+00
 -4.554512e+00
 -4.554512e+00
 -4.554512e+00
 -4.554512e+00
 -4.554512e+00
 -4.554512e+00
 -4.422887e+00
 -4.422887e+00
 -4.422887e+00
 -4.422887e+00
 -4.422887e+00
 -4.422887e+00
 -4.422887e+00
 -4.422887e+00
 -4.422887e+00
 -4.422887e+00
 -4.422887e+00
 -4.422887e+00
 -4.422887e+00
 -4.422887e+00
 -4.422887e+00
 -4.422887e+00
 -4.422887e+00
 -4.294624e+00
 -4.294624e+00
 -4.294624e+00
 -4.294624e+00
 -4.294624e+00
 -4.294624e+00
 -4.294624e+00
 -4.294624e+00
 -4.294624e+00
 -4.294624e+00
 -4.294624e+00
 -4.294624e+00
 -4.294624e+00
 -4.294624e+00
 -4.294624e+00
 -4.294624e+00
 -4.294624e+00
 -4.294624e+00
 -4.294624e+00
 -4.294624e+00
 -4.294624e+00
 -4.294624e+00
 -4.294624e+00
 -4.294624e+00
 -4.294624e+00
 -4.294624e+00
 -4.294624e+00
 -4.294624e+00
 -4.294624e+00
 -4.294624e+00
