 0
 0
 -2.183717e+02
 -2.183717e+02
 -2.183717e+02
 -2.183717e+02
 -2.183717e+02
 -2.183717e+02
 -2.183717e+02
 -2.183717e+02
 -2.183717e+02
 -2.183717e+02
 -2.183717e+02
 -2.183717e+02
 -2.183717e+02
 -2.183717e+02
 -2.183717e+02
 -2.183717e+02
 -2.183717e+02
 -2.183717e+02
 -2.183717e+02
 -2.183717e+02
 -2.183717e+02
 -2.183717e+02
 -2.183717e+02
 -2.183717e+02
 -2.183717e+02
 -2.183717e+02
 -2.183717e+02
 -2.183717e+02
 -2.183717e+02
 -2.183717e+02
 -2.183717e+02
 -2.183717e+02
 -2.183717e+02
 -2.183717e+02
 -2.183717e+02
 -2.183717e+02
 -2.183717e+02
 -2.183717e+02
 -2.183717e+02
 -2.183717e+02
 -2.183717e+02
 -2.183717e+02
 -2.183717e+02
 -2.183717e+02
 -2.183717e+02
 -2.183717e+02
 -2.183717e+02
 -2.183717e+02
 -2.183717e+02
 -2.183717e+02
 -2.183717e+02
 -2.183717e+02
 -2.183717e+02
 -2.183717e+02
 -2.183717e+02
 -2.183717e+02
 -2.183717e+02
 -2.183717e+02
 -2.183717e+02
 -2.183717e+02
 -2.183717e+02
 -2.183717e+02
 -2.183717e+02
 -2.183717e+02
 -2.183717e+02
 -2.183717e+02
 -2.183717e+02
 -2.183717e+02
 -2.183717e+02
 -2.183717e+02
 -2.183717e+02
 -2.183717e+02
 -2.183717e+02
 -2.183717e+02
 -2.183717e+02
 -2.183717e+02
 -2.183717e+02
 -2.183717e+02
 -2.183717e+02
 -2.183717e+02
 -2.183717e+02
 -2.183717e+02
 -2.183717e+02
 -2.183717e+02
 -2.183717e+02
 -2.183717e+02
 -2.183717e+02
 -2.183717e+02
 -2.183717e+02
 -2.183717e+02
 -2.183717e+02
 -2.183717e+02
 -2.183717e+02
 -2.183717e+02
 -2.183717e+02
 -2.183717e+02
 -2.183717e+02
 -2.183717e+02
 -2.183717e+02
 -2.183717e+02
