 0
 9.900000e+00
 9.900000e+00
 9.900000e+00
 9.900000e+00
 9.900000e+00
 9.900000e+00
 9.900000e+00
 9.900000e+00
 9.900000e+00
 9.900000e+00
 9.900000e+00
 9.900000e+00
 9.900000e+00
 9.900000e+00
 9.900000e+00
 9.900000e+00
 9.900000e+00
 9.900000e+00
 9.900000e+00
 9.900000e+00
 9.900000e+00
 9.900000e+00
 9.900000e+00
 9.900000e+00
 9.900000e+00
 9.900000e+00
 9.900000e+00
 9.900000e+00
 9.900000e+00
 9.900000e+00
 9.900000e+00
 9.900000e+00
 9.900000e+00
 9.900000e+00
 9.900000e+00
 9.900000e+00
 9.900000e+00
 9.900000e+00
 9.900000e+00
 9.900000e+00
 9.900000e+00
 9.900000e+00
 9.900000e+00
 9.900000e+00
 9.900000e+00
 9.900000e+00
 9.900000e+00
 9.900000e+00
 9.900000e+00
 9.900000e+00
 9.900000e+00
 9.900000e+00
 9.900000e+00
 9.900000e+00
 9.900000e+00
 9.900000e+00
 9.900000e+00
 9.900000e+00
 9.900000e+00
 9.900000e+00
 9.900000e+00
 9.900000e+00
 9.900000e+00
 9.900000e+00
 9.900000e+00
 9.900000e+00
 9.900000e+00
 9.900000e+00
 9.900000e+00
 9.900000e+00
 9.900000e+00
 9.900000e+00
 9.900000e+00
 9.900000e+00
 9.900000e+00
 9.900000e+00
 9.900000e+00
 9.900000e+00
 9.900000e+00
 9.900000e+00
 9.900000e+00
 9.900000e+00
 9.900000e+00
 9.900000e+00
 9.900000e+00
 9.900000e+00
 9.900000e+00
 9.900000e+00
 9.900000e+00
 9.900000e+00
 9.900000e+00
 9.900000e+00
 9.900000e+00
 9.900000e+00
 9.900000e+00
 9.900000e+00
 9.900000e+00
 9.900000e+00
 9.900000e+00
 9.900000e+00
 9.900000e+00
