 0
 0
 0
 -7.111085e+03
 1.374571e+04
 -6.634623e+03
 -7.111085e+03
 1.374571e+04
 -6.634623e+03
 -7.111085e+03
 1.374571e+04
 -6.634623e+03
 -7.111085e+03
 1.374571e+04
 -6.634623e+03
 -7.111085e+03
 1.374571e+04
 -6.634623e+03
 -7.111085e+03
 1.374571e+04
 -6.634623e+03
 -7.111085e+03
 1.374571e+04
 -6.634623e+03
 -7.111085e+03
 1.374571e+04
 -6.634623e+03
 -7.111085e+03
 1.374571e+04
 -6.634623e+03
 -7.111085e+03
 1.374571e+04
 -6.634623e+03
 -7.111085e+03
 1.374571e+04
 -6.634623e+03
 -7.111085e+03
 1.374571e+04
 -6.634623e+03
 -7.111085e+03
 1.374571e+04
 -6.634623e+03
 -7.111085e+03
 1.374571e+04
 -6.634623e+03
 -7.111085e+03
 1.374571e+04
 -6.634623e+03
 -7.111085e+03
 1.374571e+04
 -6.634623e+03
 -7.111085e+03
 1.374571e+04
 -6.634623e+03
 -7.111085e+03
 1.374571e+04
 -6.634623e+03
 -7.111085e+03
 1.374571e+04
 -6.634623e+03
 -7.111085e+03
 1.374571e+04
 -6.634623e+03
 -7.111085e+03
 1.374571e+04
 -6.634623e+03
 -7.111085e+03
 1.374571e+04
 -6.634623e+03
 -7.111085e+03
 1.374571e+04
 -6.634623e+03
 -7.111085e+03
 1.374571e+04
 -6.634623e+03
 -7.111085e+03
 1.374571e+04
 -6.634623e+03
 -7.111085e+03
 1.374571e+04
 -6.634623e+03
 -7.111085e+03
 1.374571e+04
 -6.634623e+03
 -7.111085e+03
 1.374571e+04
 -6.634623e+03
 -7.111085e+03
 1.374571e+04
 -6.634623e+03
 -7.111085e+03
 1.374571e+04
 -6.634623e+03
 -7.111085e+03
 1.374571e+04
 -6.634623e+03
 -7.111085e+03
 1.374571e+04
 -6.634623e+03
 -7.111085e+03
 1.374571e+04
 -6.634623e+03
 -7.111085e+03
 1.374571e+04
 -6.634623e+03
 -7.111085e+03
 1.374571e+04
 -6.634623e+03
 -7.111085e+03
 1.374571e+04
 -6.634623e+03
 -7.111085e+03
 1.374571e+04
 -6.634623e+03
 -7.111085e+03
 1.374571e+04
 -6.634623e+03
 -7.111085e+03
 1.374571e+04
 -6.634623e+03
 -7.111085e+03
 1.374571e+04
 -6.634623e+03
 -7.111085e+03
 1.374571e+04
 -6.634623e+03
 -7.111085e+03
 1.374571e+04
 -6.634623e+03
 -7.111085e+03
 1.374571e+04
 -6.634623e+03
 -7.111085e+03
 1.374571e+04
 -6.634623e+03
 -7.111085e+03
 1.374571e+04
 -6.634623e+03
 -7.111085e+03
 1.374571e+04
 -6.634623e+03
 -7.111085e+03
 1.374571e+04
 -6.634623e+03
 -7.111085e+03
 1.374571e+04
 -6.634623e+03
 -7.111085e+03
 1.374571e+04
 -6.634623e+03
 -7.111085e+03
 1.374571e+04
 -6.634623e+03
 -7.111085e+03
 1.374571e+04
 -6.634623e+03
 -7.111085e+03
 1.374571e+04
 -6.634623e+03
 -7.111085e+03
 1.374571e+04
 -6.634623e+03
 -7.111085e+03
 1.374571e+04
 -6.634623e+03
 -7.111085e+03
 1.374571e+04
 -6.634623e+03
 -7.111085e+03
 1.374571e+04
 -6.634623e+03
 -7.111085e+03
 1.374571e+04
 -6.634623e+03
 -7.111085e+03
 1.374571e+04
 -6.634623e+03
 -7.111085e+03
 1.374571e+04
 -6.634623e+03
 -7.111085e+03
 1.374571e+04
 -6.634623e+03
 -7.111085e+03
 1.374571e+04
 -6.634623e+03
 -7.111085e+03
 1.374571e+04
 -6.634623e+03
 -7.111085e+03
 1.374571e+04
 -6.634623e+03
 -7.111085e+03
 1.374571e+04
 -6.634623e+03
 -7.111085e+03
 1.374571e+04
 -6.634623e+03
 -7.111085e+03
 1.374571e+04
 -6.634623e+03
 -7.111085e+03
 1.374571e+04
 -6.634623e+03
 -7.111085e+03
 1.374571e+04
 -6.634623e+03
 -7.111085e+03
 1.374571e+04
 -6.634623e+03
 -7.111085e+03
 1.374571e+04
 -6.634623e+03
 -7.111085e+03
 1.374571e+04
 -6.634623e+03
 -7.111085e+03
 1.374571e+04
 -6.634623e+03
 -7.111085e+03
 1.374571e+04
 -6.634623e+03
 -7.111085e+03
 1.374571e+04
 -6.634623e+03
 -7.111085e+03
 1.374571e+04
 -6.634623e+03
 -7.111085e+03
 1.374571e+04
 -6.634623e+03
 -7.111085e+03
 1.374571e+04
 -6.634623e+03
 -7.111085e+03
 1.374571e+04
 -6.634623e+03
 -7.111085e+03
 1.374571e+04
 -6.634623e+03
 -7.111085e+03
 1.374571e+04
 -6.634623e+03
 -7.111085e+03
 1.374571e+04
 -6.634623e+03
 -7.111085e+03
 1.374571e+04
 -6.634623e+03
 -7.111085e+03
 1.374571e+04
 -6.634623e+03
 -7.111085e+03
 1.374571e+04
 -6.634623e+03
 -7.111085e+03
 1.374571e+04
 -6.634623e+03
 -7.111085e+03
 1.374571e+04
 -6.634623e+03
 -7.111085e+03
 1.374571e+04
 -6.634623e+03
 -7.111085e+03
 1.374571e+04
 -6.634623e+03
 -7.111085e+03
 1.374571e+04
 -6.634623e+03
 -7.111085e+03
 1.374571e+04
 -6.634623e+03
 -7.111085e+03
 1.374571e+04
 -6.634623e+03
 -7.111085e+03
 1.374571e+04
 -6.634623e+03
 -7.111085e+03
 1.374571e+04
 -6.634623e+03
 -7.111085e+03
 1.374571e+04
 -6.634623e+03
 -7.111085e+03
 1.374571e+04
 -6.634623e+03
 -7.111085e+03
 1.374571e+04
 -6.634623e+03
 -7.111085e+03
 1.374571e+04
 -6.634623e+03
 -7.111085e+03
 1.374571e+04
 -6.634623e+03
 -7.111085e+03
 1.374571e+04
 -6.634623e+03
 -7.111085e+03
 1.374571e+04
 -6.634623e+03
 -7.111085e+03
 1.374571e+04
 -6.634623e+03
 -7.111085e+03
 1.374571e+04
 -6.634623e+03
 1.996053e+02
 -3.864174e+02
 1.868121e+02
 1.996053e+02
 -3.864174e+02
 1.868121e+02
 1.996053e+02
 -3.864174e+02
 1.868121e+02
 1.996053e+02
 -3.864174e+02
 1.868121e+02
 1.996053e+02
 -3.864174e+02
 1.868121e+02
 1.996053e+02
 -3.864174e+02
 1.868121e+02
 1.996053e+02
 -3.864174e+02
 1.868121e+02
 1.944175e+02
 -3.767343e+02
 1.823168e+02
 1.944175e+02
 -3.767343e+02
 1.823168e+02
 1.944175e+02
 -3.767343e+02
 1.823168e+02
 1.944175e+02
 -3.767343e+02
 1.823168e+02
 1.944175e+02
 -3.767343e+02
 1.823168e+02
 1.944175e+02
 -3.767343e+02
 1.823168e+02
 1.944175e+02
 -3.767343e+02
 1.823168e+02
 1.893646e+02
 -3.673626e+02
 1.779980e+02
 1.893646e+02
 -3.673626e+02
 1.779980e+02
 1.893646e+02
 -3.673626e+02
 1.779980e+02
 1.893646e+02
 -3.673626e+02
 1.779980e+02
 1.893646e+02
 -3.673626e+02
 1.779980e+02
 1.893646e+02
 -3.673626e+02
 1.779980e+02
 1.893646e+02
 -3.673626e+02
 1.779980e+02
 1.844430e+02
 -3.582874e+02
 1.738444e+02
 1.844430e+02
 -3.582874e+02
 1.738444e+02
 1.844430e+02
 -3.582874e+02
 1.738444e+02
 1.844430e+02
 -3.582874e+02
 1.738444e+02
 1.844430e+02
 -3.582874e+02
 1.738444e+02
 1.844430e+02
 -3.582874e+02
 1.738444e+02
 1.844430e+02
 -3.582874e+02
 1.738444e+02
 1.796494e+02
 -3.494944e+02
 1.698450e+02
 1.796494e+02
 -3.494944e+02
 1.698450e+02
 1.796494e+02
 -3.494944e+02
 1.698450e+02
 1.796494e+02
 -3.494944e+02
 1.698450e+02
 1.796494e+02
 -3.494944e+02
 1.698450e+02
 1.796494e+02
 -3.494944e+02
 1.698450e+02
 1.796494e+02
 -3.494944e+02
 1.698450e+02
 1.749803e+02
 -3.409700e+02
 1.659897e+02
 1.749803e+02
 -3.409700e+02
 1.659897e+02
 1.749803e+02
 -3.409700e+02
 1.659897e+02
 1.749803e+02
 -3.409700e+02
 1.659897e+02
 1.749803e+02
 -3.409700e+02
 1.659897e+02
 1.749803e+02
 -3.409700e+02
 1.659897e+02
 1.749803e+02
 -3.409700e+02
 1.659897e+02
 1.704325e+02
 -3.327013e+02
 1.622688e+02
 1.704325e+02
 -3.327013e+02
 1.622688e+02
 1.704325e+02
 -3.327013e+02
 1.622688e+02
 1.704325e+02
 -3.327013e+02
 1.622688e+02
 1.704325e+02
 -3.327013e+02
 1.622688e+02
 1.704325e+02
 -3.327013e+02
 1.622688e+02
 1.704325e+02
 -3.327013e+02
 1.622688e+02
 1.660030e+02
 -3.246761e+02
 1.586731e+02
 1.660030e+02
 -3.246761e+02
 1.586731e+02
 1.660030e+02
 -3.246761e+02
 1.586731e+02
 1.660030e+02
 -3.246761e+02
 1.586731e+02
 1.660030e+02
 -3.246761e+02
 1.586731e+02
 1.660030e+02
 -3.246761e+02
 1.586731e+02
 1.660030e+02
 -3.246761e+02
 1.586731e+02
 1.616886e+02
 -3.168828e+02
 1.551942e+02
 1.616886e+02
 -3.168828e+02
 1.551942e+02
 1.616886e+02
 -3.168828e+02
 1.551942e+02
 1.616886e+02
 -3.168828e+02
 1.551942e+02
 1.616886e+02
 -3.168828e+02
 1.551942e+02
 1.616886e+02
 -3.168828e+02
 1.551942e+02
 1.616886e+02
 -3.168828e+02
 1.551942e+02
 1.616886e+02
 -3.168828e+02
 1.551942e+02
 1.616886e+02
 -3.168828e+02
 1.551942e+02
 1.616886e+02
 -3.168828e+02
 1.551942e+02
 1.616886e+02
 -3.168828e+02
 1.551942e+02
 1.616886e+02
 -3.168828e+02
 1.551942e+02
 1.616886e+02
 -3.168828e+02
 1.551942e+02
 1.616886e+02
 -3.168828e+02
 1.551942e+02
 1.616886e+02
 -3.168828e+02
 1.551942e+02
 1.616886e+02
 -3.168828e+02
 1.551942e+02
 1.616886e+02
 -3.168828e+02
 1.551942e+02
 1.574863e+02
 -3.093103e+02
 1.518241e+02
 1.574863e+02
 -3.093103e+02
 1.518241e+02
 1.574863e+02
 -3.093103e+02
 1.518241e+02
 1.574863e+02
 -3.093103e+02
 1.518241e+02
 1.574863e+02
 -3.093103e+02
 1.518241e+02
 1.574863e+02
 -3.093103e+02
 1.518241e+02
 1.574863e+02
 -3.093103e+02
 1.518241e+02
 1.574863e+02
 -3.093103e+02
 1.518241e+02
 1.574863e+02
 -3.093103e+02
 1.518241e+02
 1.574863e+02
 -3.093103e+02
 1.518241e+02
 1.574863e+02
 -3.093103e+02
 1.518241e+02
 1.574863e+02
 -3.093103e+02
 1.518241e+02
 1.574863e+02
 -3.093103e+02
 1.518241e+02
 1.574863e+02
 -3.093103e+02
 1.518241e+02
 1.574863e+02
 -3.093103e+02
 1.518241e+02
 1.574863e+02
 -3.093103e+02
 1.518241e+02
 1.574863e+02
 -3.093103e+02
 1.518241e+02
 1.574863e+02
 -3.093103e+02
 1.518241e+02
 1.574863e+02
 -3.093103e+02
 1.518241e+02
 1.574863e+02
 -3.093103e+02
 1.518241e+02
 1.574863e+02
 -3.093103e+02
 1.518241e+02
 1.574863e+02
 -3.093103e+02
 1.518241e+02
 1.574863e+02
 -3.093103e+02
 1.518241e+02
 1.574863e+02
 -3.093103e+02
 1.518241e+02
 1.574863e+02
 -3.093103e+02
 1.518241e+02
 1.574863e+02
 -3.093103e+02
 1.518241e+02
 1.574863e+02
 -3.093103e+02
 1.518241e+02
 1.574863e+02
 -3.093103e+02
 1.518241e+02
 1.574863e+02
 -3.093103e+02
 1.518241e+02
 1.574863e+02
 -3.093103e+02
 1.518241e+02
 1.574863e+02
 -3.093103e+02
 1.518241e+02
